6 (0, 1, 2, 3) (0, 1, 4, 5) 145.66666666666666
6 (0, 1, 2, 3) (0, 1, 4, 6) 145.66666666666666
6 (0, 1, 2, 3) (0, 1, 4, 7) 145.66666666666666
6 (0, 1, 2, 3) (0, 1, 4, 8) 145.66666666666666
6 (0, 1, 2, 3) (0, 1, 4, 9) 145.66666666666666
6 (0, 1, 2, 3) (0, 1, 4, 10) 145.66666666666666
6 (0, 1, 2, 3) (0, 1, 4, 11) 145.66666666666666
6 (0, 1, 2, 3) (0, 1, 5, 6) 145.66666666666666
6 (0, 1, 2, 3) (0, 1, 5, 7) 145.66666666666666
6 (0, 1, 2, 3) (0, 1, 5, 8) 145.66666666666666
6 (0, 1, 2, 3) (0, 1, 5, 9) 145.66666666666666
6 (0, 1, 2, 3) (0, 1, 5, 10) 145.66666666666666
6 (0, 1, 2, 3) (0, 1, 5, 11) 145.66666666666666
6 (0, 1, 2, 3) (0, 1, 6, 7) 145.66666666666666
6 (0, 1, 2, 3) (0, 1, 6, 8) 145.66666666666666
6 (0, 1, 2, 3) (0, 1, 6, 9) 145.66666666666666
6 (0, 1, 2, 3) (0, 1, 6, 10) 145.66666666666666
6 (0, 1, 2, 3) (0, 1, 6, 11) 145.66666666666666
6 (0, 1, 2, 3) (0, 1, 7, 8) 145.66666666666666
6 (0, 1, 2, 3) (0, 1, 7, 9) 145.66666666666666
6 (0, 1, 2, 3) (0, 1, 7, 10) 145.66666666666666
6 (0, 1, 2, 3) (0, 1, 7, 11) 145.66666666666666
6 (0, 1, 2, 3) (0, 1, 8, 9) 145.66666666666666
6 (0, 1, 2, 3) (0, 1, 8, 10) 145.66666666666666
6 (0, 1, 2, 3) (0, 1, 8, 11) 145.66666666666666
6 (0, 1, 2, 3) (0, 1, 9, 10) 145.66666666666666
6 (0, 1, 2, 3) (0, 1, 9, 11) 145.66666666666666
6 (0, 1, 2, 3) (0, 1, 10, 11) 145.66666666666666
6 (0, 1, 2, 3) (0, 2, 4, 5) 145.66666666666666
6 (0, 1, 2, 3) (0, 2, 4, 6) 145.66666666666666
6 (0, 1, 2, 3) (0, 2, 4, 7) 145.66666666666666
6 (0, 1, 2, 3) (0, 2, 4, 8) 145.66666666666666
6 (0, 1, 2, 3) (0, 2, 4, 9) 145.66666666666666
6 (0, 1, 2, 3) (0, 2, 4, 10) 145.66666666666666
6 (0, 1, 2, 3) (0, 2, 4, 11) 145.66666666666666
6 (0, 1, 2, 3) (0, 2, 5, 6) 145.66666666666666
6 (0, 1, 2, 3) (0, 2, 5, 7) 145.66666666666666
6 (0, 1, 2, 3) (0, 2, 5, 8) 145.66666666666666
6 (0, 1, 2, 3) (0, 2, 5, 9) 145.66666666666666
6 (0, 1, 2, 3) (0, 2, 5, 10) 145.66666666666666
6 (0, 1, 2, 3) (0, 2, 5, 11) 145.66666666666666
6 (0, 1, 2, 3) (0, 2, 6, 7) 145.66666666666666
6 (0, 1, 2, 3) (0, 2, 6, 8) 145.66666666666666
6 (0, 1, 2, 3) (0, 2, 6, 9) 145.66666666666666
6 (0, 1, 2, 3) (0, 2, 6, 10) 145.66666666666666
6 (0, 1, 2, 3) (0, 2, 6, 11) 145.66666666666666
6 (0, 1, 2, 3) (0, 2, 7, 8) 145.66666666666666
6 (0, 1, 2, 3) (0, 2, 7, 9) 145.66666666666666
6 (0, 1, 2, 3) (0, 2, 7, 10) 145.66666666666666
6 (0, 1, 2, 3) (0, 2, 7, 11) 145.66666666666666
6 (0, 1, 2, 3) (0, 2, 8, 9) 145.66666666666666
6 (0, 1, 2, 3) (0, 2, 8, 10) 145.66666666666666
6 (0, 1, 2, 3) (0, 2, 8, 11) 145.66666666666666
6 (0, 1, 2, 3) (0, 2, 9, 10) 145.66666666666666
6 (0, 1, 2, 3) (0, 2, 9, 11) 145.66666666666666
6 (0, 1, 2, 3) (0, 2, 10, 11) 145.66666666666666
6 (0, 1, 2, 3) (0, 3, 4, 5) 145.66666666666666
6 (0, 1, 2, 3) (0, 3, 4, 6) 145.66666666666666
6 (0, 1, 2, 3) (0, 3, 4, 7) 145.66666666666666
6 (0, 1, 2, 3) (0, 3, 4, 8) 145.66666666666666
6 (0, 1, 2, 3) (0, 3, 4, 9) 145.66666666666666
6 (0, 1, 2, 3) (0, 3, 4, 10) 145.66666666666666
6 (0, 1, 2, 3) (0, 3, 4, 11) 145.66666666666666
6 (0, 1, 2, 3) (0, 3, 5, 6) 145.66666666666666
6 (0, 1, 2, 3) (0, 3, 5, 7) 145.66666666666666
6 (0, 1, 2, 3) (0, 3, 5, 8) 145.66666666666666
6 (0, 1, 2, 3) (0, 3, 5, 9) 145.66666666666666
6 (0, 1, 2, 3) (0, 3, 5, 10) 145.66666666666666
6 (0, 1, 2, 3) (0, 3, 5, 11) 145.66666666666666
6 (0, 1, 2, 3) (0, 3, 6, 7) 145.66666666666666
6 (0, 1, 2, 3) (0, 3, 6, 8) 145.66666666666666
6 (0, 1, 2, 3) (0, 3, 6, 9) 145.66666666666666
6 (0, 1, 2, 3) (0, 3, 6, 10) 145.66666666666666
6 (0, 1, 2, 3) (0, 3, 6, 11) 145.66666666666666
6 (0, 1, 2, 3) (0, 3, 7, 8) 145.66666666666666
6 (0, 1, 2, 3) (0, 3, 7, 9) 145.66666666666666
6 (0, 1, 2, 3) (0, 3, 7, 10) 145.66666666666666
6 (0, 1, 2, 3) (0, 3, 7, 11) 145.66666666666666
6 (0, 1, 2, 3) (0, 3, 8, 9) 145.66666666666666
6 (0, 1, 2, 3) (0, 3, 8, 10) 145.66666666666666
6 (0, 1, 2, 3) (0, 3, 8, 11) 145.66666666666666
6 (0, 1, 2, 3) (0, 3, 9, 10) 145.66666666666666
6 (0, 1, 2, 3) (0, 3, 9, 11) 145.66666666666666
6 (0, 1, 2, 3) (0, 3, 10, 11) 145.66666666666666
6 (0, 1, 2, 3) (1, 2, 4, 5) 145.66666666666666
6 (0, 1, 2, 3) (1, 2, 4, 6) 145.66666666666666
6 (0, 1, 2, 3) (1, 2, 4, 7) 145.66666666666666
6 (0, 1, 2, 3) (1, 2, 4, 8) 145.66666666666666
6 (0, 1, 2, 3) (1, 2, 4, 9) 145.66666666666666
6 (0, 1, 2, 3) (1, 2, 4, 10) 145.66666666666666
6 (0, 1, 2, 3) (1, 2, 4, 11) 145.66666666666666
6 (0, 1, 2, 3) (1, 2, 5, 6) 145.66666666666666
6 (0, 1, 2, 3) (1, 2, 5, 7) 145.66666666666666
6 (0, 1, 2, 3) (1, 2, 5, 8) 145.66666666666666
6 (0, 1, 2, 3) (1, 2, 5, 9) 145.66666666666666
6 (0, 1, 2, 3) (1, 2, 5, 10) 145.66666666666666
6 (0, 1, 2, 3) (1, 2, 5, 11) 145.66666666666666
6 (0, 1, 2, 3) (1, 2, 6, 7) 145.66666666666666
6 (0, 1, 2, 3) (1, 2, 6, 8) 145.66666666666666
6 (0, 1, 2, 3) (1, 2, 6, 9) 145.66666666666666
6 (0, 1, 2, 3) (1, 2, 6, 10) 145.66666666666666
6 (0, 1, 2, 3) (1, 2, 6, 11) 145.66666666666666
6 (0, 1, 2, 3) (1, 2, 7, 8) 145.66666666666666
6 (0, 1, 2, 3) (1, 2, 7, 9) 145.66666666666666
6 (0, 1, 2, 3) (1, 2, 7, 10) 145.66666666666666
6 (0, 1, 2, 3) (1, 2, 7, 11) 145.66666666666666
6 (0, 1, 2, 3) (1, 2, 8, 9) 145.66666666666666
6 (0, 1, 2, 3) (1, 2, 8, 10) 145.66666666666666
6 (0, 1, 2, 3) (1, 2, 8, 11) 145.66666666666666
6 (0, 1, 2, 3) (1, 2, 9, 10) 145.66666666666666
6 (0, 1, 2, 3) (1, 2, 9, 11) 145.66666666666666
6 (0, 1, 2, 3) (1, 2, 10, 11) 145.66666666666666
6 (0, 1, 2, 3) (1, 3, 4, 5) 145.66666666666666
6 (0, 1, 2, 3) (1, 3, 4, 6) 145.66666666666666
6 (0, 1, 2, 3) (1, 3, 4, 7) 145.66666666666666
6 (0, 1, 2, 3) (1, 3, 4, 8) 145.66666666666666
6 (0, 1, 2, 3) (1, 3, 4, 9) 145.66666666666666
6 (0, 1, 2, 3) (1, 3, 4, 10) 145.66666666666666
6 (0, 1, 2, 3) (1, 3, 4, 11) 145.66666666666666
6 (0, 1, 2, 3) (1, 3, 5, 6) 145.66666666666666
6 (0, 1, 2, 3) (1, 3, 5, 7) 145.66666666666666
6 (0, 1, 2, 3) (1, 3, 5, 8) 145.66666666666666
6 (0, 1, 2, 3) (1, 3, 5, 9) 145.66666666666666
6 (0, 1, 2, 3) (1, 3, 5, 10) 145.66666666666666
6 (0, 1, 2, 3) (1, 3, 5, 11) 145.66666666666666
6 (0, 1, 2, 3) (1, 3, 6, 7) 145.66666666666666
6 (0, 1, 2, 3) (1, 3, 6, 8) 145.66666666666666
6 (0, 1, 2, 3) (1, 3, 6, 9) 145.66666666666666
6 (0, 1, 2, 3) (1, 3, 6, 10) 145.66666666666666
6 (0, 1, 2, 3) (1, 3, 6, 11) 145.66666666666666
6 (0, 1, 2, 3) (1, 3, 7, 8) 145.66666666666666
6 (0, 1, 2, 3) (1, 3, 7, 9) 145.66666666666666
6 (0, 1, 2, 3) (1, 3, 7, 10) 145.66666666666666
6 (0, 1, 2, 3) (1, 3, 7, 11) 145.66666666666666
6 (0, 1, 2, 3) (1, 3, 8, 9) 145.66666666666666
6 (0, 1, 2, 3) (1, 3, 8, 10) 145.66666666666666
6 (0, 1, 2, 3) (1, 3, 8, 11) 145.66666666666666
6 (0, 1, 2, 3) (1, 3, 9, 10) 145.66666666666666
6 (0, 1, 2, 3) (1, 3, 9, 11) 145.66666666666666
6 (0, 1, 2, 3) (1, 3, 10, 11) 145.66666666666666
6 (0, 1, 2, 3) (2, 3, 4, 5) 145.66666666666666
6 (0, 1, 2, 3) (2, 3, 4, 6) 145.66666666666666
6 (0, 1, 2, 3) (2, 3, 4, 7) 145.66666666666666
6 (0, 1, 2, 3) (2, 3, 4, 8) 145.66666666666666
6 (0, 1, 2, 3) (2, 3, 4, 9) 145.66666666666666
6 (0, 1, 2, 3) (2, 3, 4, 10) 145.66666666666666
6 (0, 1, 2, 3) (2, 3, 4, 11) 145.66666666666666
6 (0, 1, 2, 3) (2, 3, 5, 6) 145.66666666666666
6 (0, 1, 2, 3) (2, 3, 5, 7) 145.66666666666666
6 (0, 1, 2, 3) (2, 3, 5, 8) 145.66666666666666
6 (0, 1, 2, 3) (2, 3, 5, 9) 145.66666666666666
6 (0, 1, 2, 3) (2, 3, 5, 10) 145.66666666666666
6 (0, 1, 2, 3) (2, 3, 5, 11) 145.66666666666666
6 (0, 1, 2, 3) (2, 3, 6, 7) 145.66666666666666
6 (0, 1, 2, 3) (2, 3, 6, 8) 145.66666666666666
6 (0, 1, 2, 3) (2, 3, 6, 9) 145.66666666666666
6 (0, 1, 2, 3) (2, 3, 6, 10) 145.66666666666666
6 (0, 1, 2, 3) (2, 3, 6, 11) 145.66666666666666
6 (0, 1, 2, 3) (2, 3, 7, 8) 145.66666666666666
6 (0, 1, 2, 3) (2, 3, 7, 9) 145.66666666666666
6 (0, 1, 2, 3) (2, 3, 7, 10) 145.66666666666666
6 (0, 1, 2, 3) (2, 3, 7, 11) 145.66666666666666
6 (0, 1, 2, 3) (2, 3, 8, 9) 145.66666666666666
6 (0, 1, 2, 3) (2, 3, 8, 10) 145.66666666666666
6 (0, 1, 2, 3) (2, 3, 8, 11) 145.66666666666666
6 (0, 1, 2, 3) (2, 3, 9, 10) 145.66666666666666
6 (0, 1, 2, 3) (2, 3, 9, 11) 145.66666666666666
6 (0, 1, 2, 3) (2, 3, 10, 11) 145.66666666666666
8 (0, 1, 2, 3) (4, 5, 6, 7) 1485.8
8 (0, 1, 2, 3) (4, 5, 6, 8) 1485.8
8 (0, 1, 2, 3) (4, 5, 6, 9) 1485.8
8 (0, 1, 2, 3) (4, 5, 6, 10) 1485.8
8 (0, 1, 2, 3) (4, 5, 6, 11) 1485.8
8 (0, 1, 2, 3) (4, 5, 7, 8) 1485.8
8 (0, 1, 2, 3) (4, 5, 7, 9) 1485.8
8 (0, 1, 2, 3) (4, 5, 7, 10) 1485.8
8 (0, 1, 2, 3) (4, 5, 7, 11) 1485.8
8 (0, 1, 2, 3) (4, 5, 8, 9) 1485.8
8 (0, 1, 2, 3) (4, 5, 8, 10) 1485.8
8 (0, 1, 2, 3) (4, 5, 8, 11) 1485.8
8 (0, 1, 2, 3) (4, 5, 9, 10) 1485.8
8 (0, 1, 2, 3) (4, 5, 9, 11) 1485.8
8 (0, 1, 2, 3) (4, 5, 10, 11) 1485.8
8 (0, 1, 2, 3) (4, 6, 7, 8) 1485.8
8 (0, 1, 2, 3) (4, 6, 7, 9) 1485.8
8 (0, 1, 2, 3) (4, 6, 7, 10) 1485.8
8 (0, 1, 2, 3) (4, 6, 7, 11) 1485.8
8 (0, 1, 2, 3) (4, 6, 8, 9) 1485.8
8 (0, 1, 2, 3) (4, 6, 8, 10) 1485.8
8 (0, 1, 2, 3) (4, 6, 8, 11) 1485.8
8 (0, 1, 2, 3) (4, 6, 9, 10) 1485.8
8 (0, 1, 2, 3) (4, 6, 9, 11) 1485.8
8 (0, 1, 2, 3) (4, 6, 10, 11) 1485.8
8 (0, 1, 2, 3) (4, 7, 8, 9) 1485.8
8 (0, 1, 2, 3) (4, 7, 8, 10) 1485.8
8 (0, 1, 2, 3) (4, 7, 8, 11) 1485.8
8 (0, 1, 2, 3) (4, 7, 9, 10) 1485.8
8 (0, 1, 2, 3) (4, 7, 9, 11) 1485.8
8 (0, 1, 2, 3) (4, 7, 10, 11) 1485.8
8 (0, 1, 2, 3) (4, 8, 9, 10) 1485.8
8 (0, 1, 2, 3) (4, 8, 9, 11) 1485.8
8 (0, 1, 2, 3) (4, 8, 10, 11) 1485.8
8 (0, 1, 2, 3) (4, 9, 10, 11) 1485.8
8 (0, 1, 2, 3) (5, 6, 7, 8) 1485.8
8 (0, 1, 2, 3) (5, 6, 7, 9) 1485.8
8 (0, 1, 2, 3) (5, 6, 7, 10) 1485.8
8 (0, 1, 2, 3) (5, 6, 7, 11) 1485.8
8 (0, 1, 2, 3) (5, 6, 8, 9) 1485.8
8 (0, 1, 2, 3) (5, 6, 8, 10) 1485.8
8 (0, 1, 2, 3) (5, 6, 8, 11) 1485.8
8 (0, 1, 2, 3) (5, 6, 9, 10) 1485.8
8 (0, 1, 2, 3) (5, 6, 9, 11) 1485.8
8 (0, 1, 2, 3) (5, 6, 10, 11) 1485.8
8 (0, 1, 2, 3) (5, 7, 8, 9) 1485.8
8 (0, 1, 2, 3) (5, 7, 8, 10) 1485.8
8 (0, 1, 2, 3) (5, 7, 8, 11) 1485.8
8 (0, 1, 2, 3) (5, 7, 9, 10) 1485.8
8 (0, 1, 2, 3) (5, 7, 9, 11) 1485.8
8 (0, 1, 2, 3) (5, 7, 10, 11) 1485.8
8 (0, 1, 2, 3) (5, 8, 9, 10) 1485.8
8 (0, 1, 2, 3) (5, 8, 9, 11) 1485.8
8 (0, 1, 2, 3) (5, 8, 10, 11) 1485.8
8 (0, 1, 2, 3) (5, 9, 10, 11) 1485.8
8 (0, 1, 2, 3) (6, 7, 8, 9) 1485.8
8 (0, 1, 2, 3) (6, 7, 8, 10) 1485.8
8 (0, 1, 2, 3) (6, 7, 8, 11) 1485.8
8 (0, 1, 2, 3) (6, 7, 9, 10) 1485.8
8 (0, 1, 2, 3) (6, 7, 9, 11) 1485.8
8 (0, 1, 2, 3) (6, 7, 10, 11) 1485.8
8 (0, 1, 2, 3) (6, 8, 9, 10) 1485.8
8 (0, 1, 2, 3) (6, 8, 9, 11) 1485.8
8 (0, 1, 2, 3) (6, 8, 10, 11) 1485.8
8 (0, 1, 2, 3) (6, 9, 10, 11) 1485.8
8 (0, 1, 2, 3) (7, 8, 9, 10) 1485.8
8 (0, 1, 2, 3) (7, 8, 9, 11) 1485.8
8 (0, 1, 2, 3) (7, 8, 10, 11) 1485.8
8 (0, 1, 2, 3) (7, 9, 10, 11) 1485.8
8 (0, 1, 2, 3) (8, 9, 10, 11) 1485.8
(debug): beta=-1.0, S_thermal=4.147018944447256
6 (0, 1, 2, 3) (0, 1, 4, 5) 145.66666666666666
6 (0, 1, 2, 3) (0, 1, 4, 6) 145.66666666666666
6 (0, 1, 2, 3) (0, 1, 4, 7) 145.66666666666666
6 (0, 1, 2, 3) (0, 1, 4, 8) 145.66666666666666
6 (0, 1, 2, 3) (0, 1, 4, 9) 145.66666666666666
6 (0, 1, 2, 3) (0, 1, 4, 10) 145.66666666666666
6 (0, 1, 2, 3) (0, 1, 4, 11) 145.66666666666666
6 (0, 1, 2, 3) (0, 1, 5, 6) 145.66666666666666
6 (0, 1, 2, 3) (0, 1, 5, 7) 145.66666666666666
6 (0, 1, 2, 3) (0, 1, 5, 8) 145.66666666666666
6 (0, 1, 2, 3) (0, 1, 5, 9) 145.66666666666666
6 (0, 1, 2, 3) (0, 1, 5, 10) 145.66666666666666
6 (0, 1, 2, 3) (0, 1, 5, 11) 145.66666666666666
6 (0, 1, 2, 3) (0, 1, 6, 7) 145.66666666666666
6 (0, 1, 2, 3) (0, 1, 6, 8) 145.66666666666666
6 (0, 1, 2, 3) (0, 1, 6, 9) 145.66666666666666
6 (0, 1, 2, 3) (0, 1, 6, 10) 145.66666666666666
6 (0, 1, 2, 3) (0, 1, 6, 11) 145.66666666666666
6 (0, 1, 2, 3) (0, 1, 7, 8) 145.66666666666666
6 (0, 1, 2, 3) (0, 1, 7, 9) 145.66666666666666
6 (0, 1, 2, 3) (0, 1, 7, 10) 145.66666666666666
6 (0, 1, 2, 3) (0, 1, 7, 11) 145.66666666666666
6 (0, 1, 2, 3) (0, 1, 8, 9) 145.66666666666666
6 (0, 1, 2, 3) (0, 1, 8, 10) 145.66666666666666
6 (0, 1, 2, 3) (0, 1, 8, 11) 145.66666666666666
6 (0, 1, 2, 3) (0, 1, 9, 10) 145.66666666666666
6 (0, 1, 2, 3) (0, 1, 9, 11) 145.66666666666666
6 (0, 1, 2, 3) (0, 1, 10, 11) 145.66666666666666
6 (0, 1, 2, 3) (0, 2, 4, 5) 145.66666666666666
6 (0, 1, 2, 3) (0, 2, 4, 6) 145.66666666666666
6 (0, 1, 2, 3) (0, 2, 4, 7) 145.66666666666666
6 (0, 1, 2, 3) (0, 2, 4, 8) 145.66666666666666
6 (0, 1, 2, 3) (0, 2, 4, 9) 145.66666666666666
6 (0, 1, 2, 3) (0, 2, 4, 10) 145.66666666666666
6 (0, 1, 2, 3) (0, 2, 4, 11) 145.66666666666666
6 (0, 1, 2, 3) (0, 2, 5, 6) 145.66666666666666
6 (0, 1, 2, 3) (0, 2, 5, 7) 145.66666666666666
6 (0, 1, 2, 3) (0, 2, 5, 8) 145.66666666666666
6 (0, 1, 2, 3) (0, 2, 5, 9) 145.66666666666666
6 (0, 1, 2, 3) (0, 2, 5, 10) 145.66666666666666
6 (0, 1, 2, 3) (0, 2, 5, 11) 145.66666666666666
6 (0, 1, 2, 3) (0, 2, 6, 7) 145.66666666666666
6 (0, 1, 2, 3) (0, 2, 6, 8) 145.66666666666666
6 (0, 1, 2, 3) (0, 2, 6, 9) 145.66666666666666
6 (0, 1, 2, 3) (0, 2, 6, 10) 145.66666666666666
6 (0, 1, 2, 3) (0, 2, 6, 11) 145.66666666666666
6 (0, 1, 2, 3) (0, 2, 7, 8) 145.66666666666666
6 (0, 1, 2, 3) (0, 2, 7, 9) 145.66666666666666
6 (0, 1, 2, 3) (0, 2, 7, 10) 145.66666666666666
6 (0, 1, 2, 3) (0, 2, 7, 11) 145.66666666666666
6 (0, 1, 2, 3) (0, 2, 8, 9) 145.66666666666666
6 (0, 1, 2, 3) (0, 2, 8, 10) 145.66666666666666
6 (0, 1, 2, 3) (0, 2, 8, 11) 145.66666666666666
6 (0, 1, 2, 3) (0, 2, 9, 10) 145.66666666666666
6 (0, 1, 2, 3) (0, 2, 9, 11) 145.66666666666666
6 (0, 1, 2, 3) (0, 2, 10, 11) 145.66666666666666
6 (0, 1, 2, 3) (0, 3, 4, 5) 145.66666666666666
6 (0, 1, 2, 3) (0, 3, 4, 6) 145.66666666666666
6 (0, 1, 2, 3) (0, 3, 4, 7) 145.66666666666666
6 (0, 1, 2, 3) (0, 3, 4, 8) 145.66666666666666
6 (0, 1, 2, 3) (0, 3, 4, 9) 145.66666666666666
6 (0, 1, 2, 3) (0, 3, 4, 10) 145.66666666666666
6 (0, 1, 2, 3) (0, 3, 4, 11) 145.66666666666666
6 (0, 1, 2, 3) (0, 3, 5, 6) 145.66666666666666
6 (0, 1, 2, 3) (0, 3, 5, 7) 145.66666666666666
6 (0, 1, 2, 3) (0, 3, 5, 8) 145.66666666666666
6 (0, 1, 2, 3) (0, 3, 5, 9) 145.66666666666666
6 (0, 1, 2, 3) (0, 3, 5, 10) 145.66666666666666
6 (0, 1, 2, 3) (0, 3, 5, 11) 145.66666666666666
6 (0, 1, 2, 3) (0, 3, 6, 7) 145.66666666666666
6 (0, 1, 2, 3) (0, 3, 6, 8) 145.66666666666666
6 (0, 1, 2, 3) (0, 3, 6, 9) 145.66666666666666
6 (0, 1, 2, 3) (0, 3, 6, 10) 145.66666666666666
6 (0, 1, 2, 3) (0, 3, 6, 11) 145.66666666666666
6 (0, 1, 2, 3) (0, 3, 7, 8) 145.66666666666666
6 (0, 1, 2, 3) (0, 3, 7, 9) 145.66666666666666
6 (0, 1, 2, 3) (0, 3, 7, 10) 145.66666666666666
6 (0, 1, 2, 3) (0, 3, 7, 11) 145.66666666666666
6 (0, 1, 2, 3) (0, 3, 8, 9) 145.66666666666666
6 (0, 1, 2, 3) (0, 3, 8, 10) 145.66666666666666
6 (0, 1, 2, 3) (0, 3, 8, 11) 145.66666666666666
6 (0, 1, 2, 3) (0, 3, 9, 10) 145.66666666666666
6 (0, 1, 2, 3) (0, 3, 9, 11) 145.66666666666666
6 (0, 1, 2, 3) (0, 3, 10, 11) 145.66666666666666
6 (0, 1, 2, 3) (1, 2, 4, 5) 145.66666666666666
6 (0, 1, 2, 3) (1, 2, 4, 6) 145.66666666666666
6 (0, 1, 2, 3) (1, 2, 4, 7) 145.66666666666666
6 (0, 1, 2, 3) (1, 2, 4, 8) 145.66666666666666
6 (0, 1, 2, 3) (1, 2, 4, 9) 145.66666666666666
6 (0, 1, 2, 3) (1, 2, 4, 10) 145.66666666666666
6 (0, 1, 2, 3) (1, 2, 4, 11) 145.66666666666666
6 (0, 1, 2, 3) (1, 2, 5, 6) 145.66666666666666
6 (0, 1, 2, 3) (1, 2, 5, 7) 145.66666666666666
6 (0, 1, 2, 3) (1, 2, 5, 8) 145.66666666666666
6 (0, 1, 2, 3) (1, 2, 5, 9) 145.66666666666666
6 (0, 1, 2, 3) (1, 2, 5, 10) 145.66666666666666
6 (0, 1, 2, 3) (1, 2, 5, 11) 145.66666666666666
6 (0, 1, 2, 3) (1, 2, 6, 7) 145.66666666666666
6 (0, 1, 2, 3) (1, 2, 6, 8) 145.66666666666666
6 (0, 1, 2, 3) (1, 2, 6, 9) 145.66666666666666
6 (0, 1, 2, 3) (1, 2, 6, 10) 145.66666666666666
6 (0, 1, 2, 3) (1, 2, 6, 11) 145.66666666666666
6 (0, 1, 2, 3) (1, 2, 7, 8) 145.66666666666666
6 (0, 1, 2, 3) (1, 2, 7, 9) 145.66666666666666
6 (0, 1, 2, 3) (1, 2, 7, 10) 145.66666666666666
6 (0, 1, 2, 3) (1, 2, 7, 11) 145.66666666666666
6 (0, 1, 2, 3) (1, 2, 8, 9) 145.66666666666666
6 (0, 1, 2, 3) (1, 2, 8, 10) 145.66666666666666
6 (0, 1, 2, 3) (1, 2, 8, 11) 145.66666666666666
6 (0, 1, 2, 3) (1, 2, 9, 10) 145.66666666666666
6 (0, 1, 2, 3) (1, 2, 9, 11) 145.66666666666666
6 (0, 1, 2, 3) (1, 2, 10, 11) 145.66666666666666
6 (0, 1, 2, 3) (1, 3, 4, 5) 145.66666666666666
6 (0, 1, 2, 3) (1, 3, 4, 6) 145.66666666666666
6 (0, 1, 2, 3) (1, 3, 4, 7) 145.66666666666666
6 (0, 1, 2, 3) (1, 3, 4, 8) 145.66666666666666
6 (0, 1, 2, 3) (1, 3, 4, 9) 145.66666666666666
6 (0, 1, 2, 3) (1, 3, 4, 10) 145.66666666666666
6 (0, 1, 2, 3) (1, 3, 4, 11) 145.66666666666666
6 (0, 1, 2, 3) (1, 3, 5, 6) 145.66666666666666
6 (0, 1, 2, 3) (1, 3, 5, 7) 145.66666666666666
6 (0, 1, 2, 3) (1, 3, 5, 8) 145.66666666666666
6 (0, 1, 2, 3) (1, 3, 5, 9) 145.66666666666666
6 (0, 1, 2, 3) (1, 3, 5, 10) 145.66666666666666
6 (0, 1, 2, 3) (1, 3, 5, 11) 145.66666666666666
6 (0, 1, 2, 3) (1, 3, 6, 7) 145.66666666666666
6 (0, 1, 2, 3) (1, 3, 6, 8) 145.66666666666666
6 (0, 1, 2, 3) (1, 3, 6, 9) 145.66666666666666
6 (0, 1, 2, 3) (1, 3, 6, 10) 145.66666666666666
6 (0, 1, 2, 3) (1, 3, 6, 11) 145.66666666666666
6 (0, 1, 2, 3) (1, 3, 7, 8) 145.66666666666666
6 (0, 1, 2, 3) (1, 3, 7, 9) 145.66666666666666
6 (0, 1, 2, 3) (1, 3, 7, 10) 145.66666666666666
6 (0, 1, 2, 3) (1, 3, 7, 11) 145.66666666666666
6 (0, 1, 2, 3) (1, 3, 8, 9) 145.66666666666666
6 (0, 1, 2, 3) (1, 3, 8, 10) 145.66666666666666
6 (0, 1, 2, 3) (1, 3, 8, 11) 145.66666666666666
6 (0, 1, 2, 3) (1, 3, 9, 10) 145.66666666666666
6 (0, 1, 2, 3) (1, 3, 9, 11) 145.66666666666666
6 (0, 1, 2, 3) (1, 3, 10, 11) 145.66666666666666
6 (0, 1, 2, 3) (2, 3, 4, 5) 145.66666666666666
6 (0, 1, 2, 3) (2, 3, 4, 6) 145.66666666666666
6 (0, 1, 2, 3) (2, 3, 4, 7) 145.66666666666666
6 (0, 1, 2, 3) (2, 3, 4, 8) 145.66666666666666
6 (0, 1, 2, 3) (2, 3, 4, 9) 145.66666666666666
6 (0, 1, 2, 3) (2, 3, 4, 10) 145.66666666666666
6 (0, 1, 2, 3) (2, 3, 4, 11) 145.66666666666666
6 (0, 1, 2, 3) (2, 3, 5, 6) 145.66666666666666
6 (0, 1, 2, 3) (2, 3, 5, 7) 145.66666666666666
6 (0, 1, 2, 3) (2, 3, 5, 8) 145.66666666666666
6 (0, 1, 2, 3) (2, 3, 5, 9) 145.66666666666666
6 (0, 1, 2, 3) (2, 3, 5, 10) 145.66666666666666
6 (0, 1, 2, 3) (2, 3, 5, 11) 145.66666666666666
6 (0, 1, 2, 3) (2, 3, 6, 7) 145.66666666666666
6 (0, 1, 2, 3) (2, 3, 6, 8) 145.66666666666666
6 (0, 1, 2, 3) (2, 3, 6, 9) 145.66666666666666
6 (0, 1, 2, 3) (2, 3, 6, 10) 145.66666666666666
6 (0, 1, 2, 3) (2, 3, 6, 11) 145.66666666666666
6 (0, 1, 2, 3) (2, 3, 7, 8) 145.66666666666666
6 (0, 1, 2, 3) (2, 3, 7, 9) 145.66666666666666
6 (0, 1, 2, 3) (2, 3, 7, 10) 145.66666666666666
6 (0, 1, 2, 3) (2, 3, 7, 11) 145.66666666666666
6 (0, 1, 2, 3) (2, 3, 8, 9) 145.66666666666666
6 (0, 1, 2, 3) (2, 3, 8, 10) 145.66666666666666
6 (0, 1, 2, 3) (2, 3, 8, 11) 145.66666666666666
6 (0, 1, 2, 3) (2, 3, 9, 10) 145.66666666666666
6 (0, 1, 2, 3) (2, 3, 9, 11) 145.66666666666666
6 (0, 1, 2, 3) (2, 3, 10, 11) 145.66666666666666
8 (0, 1, 2, 3) (4, 5, 6, 7) 1485.8
8 (0, 1, 2, 3) (4, 5, 6, 8) 1485.8
8 (0, 1, 2, 3) (4, 5, 6, 9) 1485.8
8 (0, 1, 2, 3) (4, 5, 6, 10) 1485.8
8 (0, 1, 2, 3) (4, 5, 6, 11) 1485.8
8 (0, 1, 2, 3) (4, 5, 7, 8) 1485.8
8 (0, 1, 2, 3) (4, 5, 7, 9) 1485.8
8 (0, 1, 2, 3) (4, 5, 7, 10) 1485.8
8 (0, 1, 2, 3) (4, 5, 7, 11) 1485.8
8 (0, 1, 2, 3) (4, 5, 8, 9) 1485.8
8 (0, 1, 2, 3) (4, 5, 8, 10) 1485.8
8 (0, 1, 2, 3) (4, 5, 8, 11) 1485.8
8 (0, 1, 2, 3) (4, 5, 9, 10) 1485.8
8 (0, 1, 2, 3) (4, 5, 9, 11) 1485.8
8 (0, 1, 2, 3) (4, 5, 10, 11) 1485.8
8 (0, 1, 2, 3) (4, 6, 7, 8) 1485.8
8 (0, 1, 2, 3) (4, 6, 7, 9) 1485.8
8 (0, 1, 2, 3) (4, 6, 7, 10) 1485.8
8 (0, 1, 2, 3) (4, 6, 7, 11) 1485.8
8 (0, 1, 2, 3) (4, 6, 8, 9) 1485.8
8 (0, 1, 2, 3) (4, 6, 8, 10) 1485.8
8 (0, 1, 2, 3) (4, 6, 8, 11) 1485.8
8 (0, 1, 2, 3) (4, 6, 9, 10) 1485.8
8 (0, 1, 2, 3) (4, 6, 9, 11) 1485.8
8 (0, 1, 2, 3) (4, 6, 10, 11) 1485.8
8 (0, 1, 2, 3) (4, 7, 8, 9) 1485.8
8 (0, 1, 2, 3) (4, 7, 8, 10) 1485.8
8 (0, 1, 2, 3) (4, 7, 8, 11) 1485.8
8 (0, 1, 2, 3) (4, 7, 9, 10) 1485.8
8 (0, 1, 2, 3) (4, 7, 9, 11) 1485.8
8 (0, 1, 2, 3) (4, 7, 10, 11) 1485.8
8 (0, 1, 2, 3) (4, 8, 9, 10) 1485.8
8 (0, 1, 2, 3) (4, 8, 9, 11) 1485.8
8 (0, 1, 2, 3) (4, 8, 10, 11) 1485.8
8 (0, 1, 2, 3) (4, 9, 10, 11) 1485.8
8 (0, 1, 2, 3) (5, 6, 7, 8) 1485.8
8 (0, 1, 2, 3) (5, 6, 7, 9) 1485.8
8 (0, 1, 2, 3) (5, 6, 7, 10) 1485.8
8 (0, 1, 2, 3) (5, 6, 7, 11) 1485.8
8 (0, 1, 2, 3) (5, 6, 8, 9) 1485.8
8 (0, 1, 2, 3) (5, 6, 8, 10) 1485.8
8 (0, 1, 2, 3) (5, 6, 8, 11) 1485.8
8 (0, 1, 2, 3) (5, 6, 9, 10) 1485.8
8 (0, 1, 2, 3) (5, 6, 9, 11) 1485.8
8 (0, 1, 2, 3) (5, 6, 10, 11) 1485.8
8 (0, 1, 2, 3) (5, 7, 8, 9) 1485.8
8 (0, 1, 2, 3) (5, 7, 8, 10) 1485.8
8 (0, 1, 2, 3) (5, 7, 8, 11) 1485.8
8 (0, 1, 2, 3) (5, 7, 9, 10) 1485.8
8 (0, 1, 2, 3) (5, 7, 9, 11) 1485.8
8 (0, 1, 2, 3) (5, 7, 10, 11) 1485.8
8 (0, 1, 2, 3) (5, 8, 9, 10) 1485.8
8 (0, 1, 2, 3) (5, 8, 9, 11) 1485.8
8 (0, 1, 2, 3) (5, 8, 10, 11) 1485.8
8 (0, 1, 2, 3) (5, 9, 10, 11) 1485.8
8 (0, 1, 2, 3) (6, 7, 8, 9) 1485.8
8 (0, 1, 2, 3) (6, 7, 8, 10) 1485.8
8 (0, 1, 2, 3) (6, 7, 8, 11) 1485.8
8 (0, 1, 2, 3) (6, 7, 9, 10) 1485.8
8 (0, 1, 2, 3) (6, 7, 9, 11) 1485.8
8 (0, 1, 2, 3) (6, 7, 10, 11) 1485.8
8 (0, 1, 2, 3) (6, 8, 9, 10) 1485.8
8 (0, 1, 2, 3) (6, 8, 9, 11) 1485.8
8 (0, 1, 2, 3) (6, 8, 10, 11) 1485.8
8 (0, 1, 2, 3) (6, 9, 10, 11) 1485.8
8 (0, 1, 2, 3) (7, 8, 9, 10) 1485.8
8 (0, 1, 2, 3) (7, 8, 9, 11) 1485.8
8 (0, 1, 2, 3) (7, 8, 10, 11) 1485.8
8 (0, 1, 2, 3) (7, 9, 10, 11) 1485.8
8 (0, 1, 2, 3) (8, 9, 10, 11) 1485.8
(debug): beta=-0.8947368421052632, S_thermal=4.149373357791847
6 (0, 1, 2, 3) (0, 1, 4, 5) 145.66666666666666
6 (0, 1, 2, 3) (0, 1, 4, 6) 145.66666666666666
6 (0, 1, 2, 3) (0, 1, 4, 7) 145.66666666666666
6 (0, 1, 2, 3) (0, 1, 4, 8) 145.66666666666666
6 (0, 1, 2, 3) (0, 1, 4, 9) 145.66666666666666
6 (0, 1, 2, 3) (0, 1, 4, 10) 145.66666666666666
6 (0, 1, 2, 3) (0, 1, 4, 11) 145.66666666666666
6 (0, 1, 2, 3) (0, 1, 5, 6) 145.66666666666666
6 (0, 1, 2, 3) (0, 1, 5, 7) 145.66666666666666
6 (0, 1, 2, 3) (0, 1, 5, 8) 145.66666666666666
6 (0, 1, 2, 3) (0, 1, 5, 9) 145.66666666666666
6 (0, 1, 2, 3) (0, 1, 5, 10) 145.66666666666666
6 (0, 1, 2, 3) (0, 1, 5, 11) 145.66666666666666
6 (0, 1, 2, 3) (0, 1, 6, 7) 145.66666666666666
6 (0, 1, 2, 3) (0, 1, 6, 8) 145.66666666666666
6 (0, 1, 2, 3) (0, 1, 6, 9) 145.66666666666666
6 (0, 1, 2, 3) (0, 1, 6, 10) 145.66666666666666
6 (0, 1, 2, 3) (0, 1, 6, 11) 145.66666666666666
6 (0, 1, 2, 3) (0, 1, 7, 8) 145.66666666666666
6 (0, 1, 2, 3) (0, 1, 7, 9) 145.66666666666666
6 (0, 1, 2, 3) (0, 1, 7, 10) 145.66666666666666
6 (0, 1, 2, 3) (0, 1, 7, 11) 145.66666666666666
6 (0, 1, 2, 3) (0, 1, 8, 9) 145.66666666666666
6 (0, 1, 2, 3) (0, 1, 8, 10) 145.66666666666666
6 (0, 1, 2, 3) (0, 1, 8, 11) 145.66666666666666
6 (0, 1, 2, 3) (0, 1, 9, 10) 145.66666666666666
6 (0, 1, 2, 3) (0, 1, 9, 11) 145.66666666666666
6 (0, 1, 2, 3) (0, 1, 10, 11) 145.66666666666666
6 (0, 1, 2, 3) (0, 2, 4, 5) 145.66666666666666
6 (0, 1, 2, 3) (0, 2, 4, 6) 145.66666666666666
6 (0, 1, 2, 3) (0, 2, 4, 7) 145.66666666666666
6 (0, 1, 2, 3) (0, 2, 4, 8) 145.66666666666666
6 (0, 1, 2, 3) (0, 2, 4, 9) 145.66666666666666
6 (0, 1, 2, 3) (0, 2, 4, 10) 145.66666666666666
6 (0, 1, 2, 3) (0, 2, 4, 11) 145.66666666666666
6 (0, 1, 2, 3) (0, 2, 5, 6) 145.66666666666666
6 (0, 1, 2, 3) (0, 2, 5, 7) 145.66666666666666
6 (0, 1, 2, 3) (0, 2, 5, 8) 145.66666666666666
6 (0, 1, 2, 3) (0, 2, 5, 9) 145.66666666666666
6 (0, 1, 2, 3) (0, 2, 5, 10) 145.66666666666666
6 (0, 1, 2, 3) (0, 2, 5, 11) 145.66666666666666
6 (0, 1, 2, 3) (0, 2, 6, 7) 145.66666666666666
6 (0, 1, 2, 3) (0, 2, 6, 8) 145.66666666666666
6 (0, 1, 2, 3) (0, 2, 6, 9) 145.66666666666666
6 (0, 1, 2, 3) (0, 2, 6, 10) 145.66666666666666
6 (0, 1, 2, 3) (0, 2, 6, 11) 145.66666666666666
6 (0, 1, 2, 3) (0, 2, 7, 8) 145.66666666666666
6 (0, 1, 2, 3) (0, 2, 7, 9) 145.66666666666666
6 (0, 1, 2, 3) (0, 2, 7, 10) 145.66666666666666
6 (0, 1, 2, 3) (0, 2, 7, 11) 145.66666666666666
6 (0, 1, 2, 3) (0, 2, 8, 9) 145.66666666666666
6 (0, 1, 2, 3) (0, 2, 8, 10) 145.66666666666666
6 (0, 1, 2, 3) (0, 2, 8, 11) 145.66666666666666
6 (0, 1, 2, 3) (0, 2, 9, 10) 145.66666666666666
6 (0, 1, 2, 3) (0, 2, 9, 11) 145.66666666666666
6 (0, 1, 2, 3) (0, 2, 10, 11) 145.66666666666666
6 (0, 1, 2, 3) (0, 3, 4, 5) 145.66666666666666
6 (0, 1, 2, 3) (0, 3, 4, 6) 145.66666666666666
6 (0, 1, 2, 3) (0, 3, 4, 7) 145.66666666666666
6 (0, 1, 2, 3) (0, 3, 4, 8) 145.66666666666666
6 (0, 1, 2, 3) (0, 3, 4, 9) 145.66666666666666
6 (0, 1, 2, 3) (0, 3, 4, 10) 145.66666666666666
6 (0, 1, 2, 3) (0, 3, 4, 11) 145.66666666666666
6 (0, 1, 2, 3) (0, 3, 5, 6) 145.66666666666666
6 (0, 1, 2, 3) (0, 3, 5, 7) 145.66666666666666
6 (0, 1, 2, 3) (0, 3, 5, 8) 145.66666666666666
6 (0, 1, 2, 3) (0, 3, 5, 9) 145.66666666666666
6 (0, 1, 2, 3) (0, 3, 5, 10) 145.66666666666666
6 (0, 1, 2, 3) (0, 3, 5, 11) 145.66666666666666
6 (0, 1, 2, 3) (0, 3, 6, 7) 145.66666666666666
6 (0, 1, 2, 3) (0, 3, 6, 8) 145.66666666666666
6 (0, 1, 2, 3) (0, 3, 6, 9) 145.66666666666666
6 (0, 1, 2, 3) (0, 3, 6, 10) 145.66666666666666
6 (0, 1, 2, 3) (0, 3, 6, 11) 145.66666666666666
6 (0, 1, 2, 3) (0, 3, 7, 8) 145.66666666666666
6 (0, 1, 2, 3) (0, 3, 7, 9) 145.66666666666666
6 (0, 1, 2, 3) (0, 3, 7, 10) 145.66666666666666
6 (0, 1, 2, 3) (0, 3, 7, 11) 145.66666666666666
6 (0, 1, 2, 3) (0, 3, 8, 9) 145.66666666666666
6 (0, 1, 2, 3) (0, 3, 8, 10) 145.66666666666666
6 (0, 1, 2, 3) (0, 3, 8, 11) 145.66666666666666
6 (0, 1, 2, 3) (0, 3, 9, 10) 145.66666666666666
6 (0, 1, 2, 3) (0, 3, 9, 11) 145.66666666666666
6 (0, 1, 2, 3) (0, 3, 10, 11) 145.66666666666666
6 (0, 1, 2, 3) (1, 2, 4, 5) 145.66666666666666
6 (0, 1, 2, 3) (1, 2, 4, 6) 145.66666666666666
6 (0, 1, 2, 3) (1, 2, 4, 7) 145.66666666666666
6 (0, 1, 2, 3) (1, 2, 4, 8) 145.66666666666666
6 (0, 1, 2, 3) (1, 2, 4, 9) 145.66666666666666
6 (0, 1, 2, 3) (1, 2, 4, 10) 145.66666666666666
6 (0, 1, 2, 3) (1, 2, 4, 11) 145.66666666666666
6 (0, 1, 2, 3) (1, 2, 5, 6) 145.66666666666666
6 (0, 1, 2, 3) (1, 2, 5, 7) 145.66666666666666
6 (0, 1, 2, 3) (1, 2, 5, 8) 145.66666666666666
6 (0, 1, 2, 3) (1, 2, 5, 9) 145.66666666666666
6 (0, 1, 2, 3) (1, 2, 5, 10) 145.66666666666666
6 (0, 1, 2, 3) (1, 2, 5, 11) 145.66666666666666
6 (0, 1, 2, 3) (1, 2, 6, 7) 145.66666666666666
6 (0, 1, 2, 3) (1, 2, 6, 8) 145.66666666666666
6 (0, 1, 2, 3) (1, 2, 6, 9) 145.66666666666666
6 (0, 1, 2, 3) (1, 2, 6, 10) 145.66666666666666
6 (0, 1, 2, 3) (1, 2, 6, 11) 145.66666666666666
6 (0, 1, 2, 3) (1, 2, 7, 8) 145.66666666666666
6 (0, 1, 2, 3) (1, 2, 7, 9) 145.66666666666666
6 (0, 1, 2, 3) (1, 2, 7, 10) 145.66666666666666
6 (0, 1, 2, 3) (1, 2, 7, 11) 145.66666666666666
6 (0, 1, 2, 3) (1, 2, 8, 9) 145.66666666666666
6 (0, 1, 2, 3) (1, 2, 8, 10) 145.66666666666666
6 (0, 1, 2, 3) (1, 2, 8, 11) 145.66666666666666
6 (0, 1, 2, 3) (1, 2, 9, 10) 145.66666666666666
6 (0, 1, 2, 3) (1, 2, 9, 11) 145.66666666666666
6 (0, 1, 2, 3) (1, 2, 10, 11) 145.66666666666666
6 (0, 1, 2, 3) (1, 3, 4, 5) 145.66666666666666
6 (0, 1, 2, 3) (1, 3, 4, 6) 145.66666666666666
6 (0, 1, 2, 3) (1, 3, 4, 7) 145.66666666666666
6 (0, 1, 2, 3) (1, 3, 4, 8) 145.66666666666666
6 (0, 1, 2, 3) (1, 3, 4, 9) 145.66666666666666
6 (0, 1, 2, 3) (1, 3, 4, 10) 145.66666666666666
6 (0, 1, 2, 3) (1, 3, 4, 11) 145.66666666666666
6 (0, 1, 2, 3) (1, 3, 5, 6) 145.66666666666666
6 (0, 1, 2, 3) (1, 3, 5, 7) 145.66666666666666
6 (0, 1, 2, 3) (1, 3, 5, 8) 145.66666666666666
6 (0, 1, 2, 3) (1, 3, 5, 9) 145.66666666666666
6 (0, 1, 2, 3) (1, 3, 5, 10) 145.66666666666666
6 (0, 1, 2, 3) (1, 3, 5, 11) 145.66666666666666
6 (0, 1, 2, 3) (1, 3, 6, 7) 145.66666666666666
6 (0, 1, 2, 3) (1, 3, 6, 8) 145.66666666666666
6 (0, 1, 2, 3) (1, 3, 6, 9) 145.66666666666666
6 (0, 1, 2, 3) (1, 3, 6, 10) 145.66666666666666
6 (0, 1, 2, 3) (1, 3, 6, 11) 145.66666666666666
6 (0, 1, 2, 3) (1, 3, 7, 8) 145.66666666666666
6 (0, 1, 2, 3) (1, 3, 7, 9) 145.66666666666666
6 (0, 1, 2, 3) (1, 3, 7, 10) 145.66666666666666
6 (0, 1, 2, 3) (1, 3, 7, 11) 145.66666666666666
6 (0, 1, 2, 3) (1, 3, 8, 9) 145.66666666666666
6 (0, 1, 2, 3) (1, 3, 8, 10) 145.66666666666666
6 (0, 1, 2, 3) (1, 3, 8, 11) 145.66666666666666
6 (0, 1, 2, 3) (1, 3, 9, 10) 145.66666666666666
6 (0, 1, 2, 3) (1, 3, 9, 11) 145.66666666666666
6 (0, 1, 2, 3) (1, 3, 10, 11) 145.66666666666666
6 (0, 1, 2, 3) (2, 3, 4, 5) 145.66666666666666
6 (0, 1, 2, 3) (2, 3, 4, 6) 145.66666666666666
6 (0, 1, 2, 3) (2, 3, 4, 7) 145.66666666666666
6 (0, 1, 2, 3) (2, 3, 4, 8) 145.66666666666666
6 (0, 1, 2, 3) (2, 3, 4, 9) 145.66666666666666
6 (0, 1, 2, 3) (2, 3, 4, 10) 145.66666666666666
6 (0, 1, 2, 3) (2, 3, 4, 11) 145.66666666666666
6 (0, 1, 2, 3) (2, 3, 5, 6) 145.66666666666666
6 (0, 1, 2, 3) (2, 3, 5, 7) 145.66666666666666
6 (0, 1, 2, 3) (2, 3, 5, 8) 145.66666666666666
6 (0, 1, 2, 3) (2, 3, 5, 9) 145.66666666666666
6 (0, 1, 2, 3) (2, 3, 5, 10) 145.66666666666666
6 (0, 1, 2, 3) (2, 3, 5, 11) 145.66666666666666
6 (0, 1, 2, 3) (2, 3, 6, 7) 145.66666666666666
6 (0, 1, 2, 3) (2, 3, 6, 8) 145.66666666666666
6 (0, 1, 2, 3) (2, 3, 6, 9) 145.66666666666666
6 (0, 1, 2, 3) (2, 3, 6, 10) 145.66666666666666
6 (0, 1, 2, 3) (2, 3, 6, 11) 145.66666666666666
6 (0, 1, 2, 3) (2, 3, 7, 8) 145.66666666666666
6 (0, 1, 2, 3) (2, 3, 7, 9) 145.66666666666666
6 (0, 1, 2, 3) (2, 3, 7, 10) 145.66666666666666
6 (0, 1, 2, 3) (2, 3, 7, 11) 145.66666666666666
6 (0, 1, 2, 3) (2, 3, 8, 9) 145.66666666666666
6 (0, 1, 2, 3) (2, 3, 8, 10) 145.66666666666666
6 (0, 1, 2, 3) (2, 3, 8, 11) 145.66666666666666
6 (0, 1, 2, 3) (2, 3, 9, 10) 145.66666666666666
6 (0, 1, 2, 3) (2, 3, 9, 11) 145.66666666666666
6 (0, 1, 2, 3) (2, 3, 10, 11) 145.66666666666666
8 (0, 1, 2, 3) (4, 5, 6, 7) 1485.8
8 (0, 1, 2, 3) (4, 5, 6, 8) 1485.8
8 (0, 1, 2, 3) (4, 5, 6, 9) 1485.8
8 (0, 1, 2, 3) (4, 5, 6, 10) 1485.8
8 (0, 1, 2, 3) (4, 5, 6, 11) 1485.8
8 (0, 1, 2, 3) (4, 5, 7, 8) 1485.8
8 (0, 1, 2, 3) (4, 5, 7, 9) 1485.8
8 (0, 1, 2, 3) (4, 5, 7, 10) 1485.8
8 (0, 1, 2, 3) (4, 5, 7, 11) 1485.8
8 (0, 1, 2, 3) (4, 5, 8, 9) 1485.8
8 (0, 1, 2, 3) (4, 5, 8, 10) 1485.8
8 (0, 1, 2, 3) (4, 5, 8, 11) 1485.8
8 (0, 1, 2, 3) (4, 5, 9, 10) 1485.8
8 (0, 1, 2, 3) (4, 5, 9, 11) 1485.8
8 (0, 1, 2, 3) (4, 5, 10, 11) 1485.8
8 (0, 1, 2, 3) (4, 6, 7, 8) 1485.8
8 (0, 1, 2, 3) (4, 6, 7, 9) 1485.8
8 (0, 1, 2, 3) (4, 6, 7, 10) 1485.8
8 (0, 1, 2, 3) (4, 6, 7, 11) 1485.8
8 (0, 1, 2, 3) (4, 6, 8, 9) 1485.8
8 (0, 1, 2, 3) (4, 6, 8, 10) 1485.8
8 (0, 1, 2, 3) (4, 6, 8, 11) 1485.8
8 (0, 1, 2, 3) (4, 6, 9, 10) 1485.8
8 (0, 1, 2, 3) (4, 6, 9, 11) 1485.8
8 (0, 1, 2, 3) (4, 6, 10, 11) 1485.8
8 (0, 1, 2, 3) (4, 7, 8, 9) 1485.8
8 (0, 1, 2, 3) (4, 7, 8, 10) 1485.8
8 (0, 1, 2, 3) (4, 7, 8, 11) 1485.8
8 (0, 1, 2, 3) (4, 7, 9, 10) 1485.8
8 (0, 1, 2, 3) (4, 7, 9, 11) 1485.8
8 (0, 1, 2, 3) (4, 7, 10, 11) 1485.8
8 (0, 1, 2, 3) (4, 8, 9, 10) 1485.8
8 (0, 1, 2, 3) (4, 8, 9, 11) 1485.8
8 (0, 1, 2, 3) (4, 8, 10, 11) 1485.8
8 (0, 1, 2, 3) (4, 9, 10, 11) 1485.8
8 (0, 1, 2, 3) (5, 6, 7, 8) 1485.8
8 (0, 1, 2, 3) (5, 6, 7, 9) 1485.8
8 (0, 1, 2, 3) (5, 6, 7, 10) 1485.8
8 (0, 1, 2, 3) (5, 6, 7, 11) 1485.8
8 (0, 1, 2, 3) (5, 6, 8, 9) 1485.8
8 (0, 1, 2, 3) (5, 6, 8, 10) 1485.8
8 (0, 1, 2, 3) (5, 6, 8, 11) 1485.8
8 (0, 1, 2, 3) (5, 6, 9, 10) 1485.8
8 (0, 1, 2, 3) (5, 6, 9, 11) 1485.8
8 (0, 1, 2, 3) (5, 6, 10, 11) 1485.8
8 (0, 1, 2, 3) (5, 7, 8, 9) 1485.8
8 (0, 1, 2, 3) (5, 7, 8, 10) 1485.8
8 (0, 1, 2, 3) (5, 7, 8, 11) 1485.8
8 (0, 1, 2, 3) (5, 7, 9, 10) 1485.8
8 (0, 1, 2, 3) (5, 7, 9, 11) 1485.8
8 (0, 1, 2, 3) (5, 7, 10, 11) 1485.8
8 (0, 1, 2, 3) (5, 8, 9, 10) 1485.8
8 (0, 1, 2, 3) (5, 8, 9, 11) 1485.8
8 (0, 1, 2, 3) (5, 8, 10, 11) 1485.8
8 (0, 1, 2, 3) (5, 9, 10, 11) 1485.8
8 (0, 1, 2, 3) (6, 7, 8, 9) 1485.8
8 (0, 1, 2, 3) (6, 7, 8, 10) 1485.8
8 (0, 1, 2, 3) (6, 7, 8, 11) 1485.8
8 (0, 1, 2, 3) (6, 7, 9, 10) 1485.8
8 (0, 1, 2, 3) (6, 7, 9, 11) 1485.8
8 (0, 1, 2, 3) (6, 7, 10, 11) 1485.8
8 (0, 1, 2, 3) (6, 8, 9, 10) 1485.8
8 (0, 1, 2, 3) (6, 8, 9, 11) 1485.8
8 (0, 1, 2, 3) (6, 8, 10, 11) 1485.8
8 (0, 1, 2, 3) (6, 9, 10, 11) 1485.8
8 (0, 1, 2, 3) (7, 8, 9, 10) 1485.8
8 (0, 1, 2, 3) (7, 8, 9, 11) 1485.8
8 (0, 1, 2, 3) (7, 8, 10, 11) 1485.8
8 (0, 1, 2, 3) (7, 9, 10, 11) 1485.8
8 (0, 1, 2, 3) (8, 9, 10, 11) 1485.8
(debug): beta=-0.7894736842105263, S_thermal=4.151471093884978
6 (0, 1, 2, 3) (0, 1, 4, 5) 145.66666666666666
6 (0, 1, 2, 3) (0, 1, 4, 6) 145.66666666666666
6 (0, 1, 2, 3) (0, 1, 4, 7) 145.66666666666666
6 (0, 1, 2, 3) (0, 1, 4, 8) 145.66666666666666
6 (0, 1, 2, 3) (0, 1, 4, 9) 145.66666666666666
6 (0, 1, 2, 3) (0, 1, 4, 10) 145.66666666666666
6 (0, 1, 2, 3) (0, 1, 4, 11) 145.66666666666666
6 (0, 1, 2, 3) (0, 1, 5, 6) 145.66666666666666
6 (0, 1, 2, 3) (0, 1, 5, 7) 145.66666666666666
6 (0, 1, 2, 3) (0, 1, 5, 8) 145.66666666666666
6 (0, 1, 2, 3) (0, 1, 5, 9) 145.66666666666666
6 (0, 1, 2, 3) (0, 1, 5, 10) 145.66666666666666
6 (0, 1, 2, 3) (0, 1, 5, 11) 145.66666666666666
6 (0, 1, 2, 3) (0, 1, 6, 7) 145.66666666666666
6 (0, 1, 2, 3) (0, 1, 6, 8) 145.66666666666666
6 (0, 1, 2, 3) (0, 1, 6, 9) 145.66666666666666
6 (0, 1, 2, 3) (0, 1, 6, 10) 145.66666666666666
6 (0, 1, 2, 3) (0, 1, 6, 11) 145.66666666666666
6 (0, 1, 2, 3) (0, 1, 7, 8) 145.66666666666666
6 (0, 1, 2, 3) (0, 1, 7, 9) 145.66666666666666
6 (0, 1, 2, 3) (0, 1, 7, 10) 145.66666666666666
6 (0, 1, 2, 3) (0, 1, 7, 11) 145.66666666666666
6 (0, 1, 2, 3) (0, 1, 8, 9) 145.66666666666666
6 (0, 1, 2, 3) (0, 1, 8, 10) 145.66666666666666
6 (0, 1, 2, 3) (0, 1, 8, 11) 145.66666666666666
6 (0, 1, 2, 3) (0, 1, 9, 10) 145.66666666666666
6 (0, 1, 2, 3) (0, 1, 9, 11) 145.66666666666666
6 (0, 1, 2, 3) (0, 1, 10, 11) 145.66666666666666
6 (0, 1, 2, 3) (0, 2, 4, 5) 145.66666666666666
6 (0, 1, 2, 3) (0, 2, 4, 6) 145.66666666666666
6 (0, 1, 2, 3) (0, 2, 4, 7) 145.66666666666666
6 (0, 1, 2, 3) (0, 2, 4, 8) 145.66666666666666
6 (0, 1, 2, 3) (0, 2, 4, 9) 145.66666666666666
6 (0, 1, 2, 3) (0, 2, 4, 10) 145.66666666666666
6 (0, 1, 2, 3) (0, 2, 4, 11) 145.66666666666666
6 (0, 1, 2, 3) (0, 2, 5, 6) 145.66666666666666
6 (0, 1, 2, 3) (0, 2, 5, 7) 145.66666666666666
6 (0, 1, 2, 3) (0, 2, 5, 8) 145.66666666666666
6 (0, 1, 2, 3) (0, 2, 5, 9) 145.66666666666666
6 (0, 1, 2, 3) (0, 2, 5, 10) 145.66666666666666
6 (0, 1, 2, 3) (0, 2, 5, 11) 145.66666666666666
6 (0, 1, 2, 3) (0, 2, 6, 7) 145.66666666666666
6 (0, 1, 2, 3) (0, 2, 6, 8) 145.66666666666666
6 (0, 1, 2, 3) (0, 2, 6, 9) 145.66666666666666
6 (0, 1, 2, 3) (0, 2, 6, 10) 145.66666666666666
6 (0, 1, 2, 3) (0, 2, 6, 11) 145.66666666666666
6 (0, 1, 2, 3) (0, 2, 7, 8) 145.66666666666666
6 (0, 1, 2, 3) (0, 2, 7, 9) 145.66666666666666
6 (0, 1, 2, 3) (0, 2, 7, 10) 145.66666666666666
6 (0, 1, 2, 3) (0, 2, 7, 11) 145.66666666666666
6 (0, 1, 2, 3) (0, 2, 8, 9) 145.66666666666666
6 (0, 1, 2, 3) (0, 2, 8, 10) 145.66666666666666
6 (0, 1, 2, 3) (0, 2, 8, 11) 145.66666666666666
6 (0, 1, 2, 3) (0, 2, 9, 10) 145.66666666666666
6 (0, 1, 2, 3) (0, 2, 9, 11) 145.66666666666666
6 (0, 1, 2, 3) (0, 2, 10, 11) 145.66666666666666
6 (0, 1, 2, 3) (0, 3, 4, 5) 145.66666666666666
6 (0, 1, 2, 3) (0, 3, 4, 6) 145.66666666666666
6 (0, 1, 2, 3) (0, 3, 4, 7) 145.66666666666666
6 (0, 1, 2, 3) (0, 3, 4, 8) 145.66666666666666
6 (0, 1, 2, 3) (0, 3, 4, 9) 145.66666666666666
6 (0, 1, 2, 3) (0, 3, 4, 10) 145.66666666666666
6 (0, 1, 2, 3) (0, 3, 4, 11) 145.66666666666666
6 (0, 1, 2, 3) (0, 3, 5, 6) 145.66666666666666
6 (0, 1, 2, 3) (0, 3, 5, 7) 145.66666666666666
6 (0, 1, 2, 3) (0, 3, 5, 8) 145.66666666666666
6 (0, 1, 2, 3) (0, 3, 5, 9) 145.66666666666666
6 (0, 1, 2, 3) (0, 3, 5, 10) 145.66666666666666
6 (0, 1, 2, 3) (0, 3, 5, 11) 145.66666666666666
6 (0, 1, 2, 3) (0, 3, 6, 7) 145.66666666666666
6 (0, 1, 2, 3) (0, 3, 6, 8) 145.66666666666666
6 (0, 1, 2, 3) (0, 3, 6, 9) 145.66666666666666
6 (0, 1, 2, 3) (0, 3, 6, 10) 145.66666666666666
6 (0, 1, 2, 3) (0, 3, 6, 11) 145.66666666666666
6 (0, 1, 2, 3) (0, 3, 7, 8) 145.66666666666666
6 (0, 1, 2, 3) (0, 3, 7, 9) 145.66666666666666
6 (0, 1, 2, 3) (0, 3, 7, 10) 145.66666666666666
6 (0, 1, 2, 3) (0, 3, 7, 11) 145.66666666666666
6 (0, 1, 2, 3) (0, 3, 8, 9) 145.66666666666666
6 (0, 1, 2, 3) (0, 3, 8, 10) 145.66666666666666
6 (0, 1, 2, 3) (0, 3, 8, 11) 145.66666666666666
6 (0, 1, 2, 3) (0, 3, 9, 10) 145.66666666666666
6 (0, 1, 2, 3) (0, 3, 9, 11) 145.66666666666666
6 (0, 1, 2, 3) (0, 3, 10, 11) 145.66666666666666
6 (0, 1, 2, 3) (1, 2, 4, 5) 145.66666666666666
6 (0, 1, 2, 3) (1, 2, 4, 6) 145.66666666666666
6 (0, 1, 2, 3) (1, 2, 4, 7) 145.66666666666666
6 (0, 1, 2, 3) (1, 2, 4, 8) 145.66666666666666
6 (0, 1, 2, 3) (1, 2, 4, 9) 145.66666666666666
6 (0, 1, 2, 3) (1, 2, 4, 10) 145.66666666666666
6 (0, 1, 2, 3) (1, 2, 4, 11) 145.66666666666666
6 (0, 1, 2, 3) (1, 2, 5, 6) 145.66666666666666
6 (0, 1, 2, 3) (1, 2, 5, 7) 145.66666666666666
6 (0, 1, 2, 3) (1, 2, 5, 8) 145.66666666666666
6 (0, 1, 2, 3) (1, 2, 5, 9) 145.66666666666666
6 (0, 1, 2, 3) (1, 2, 5, 10) 145.66666666666666
6 (0, 1, 2, 3) (1, 2, 5, 11) 145.66666666666666
6 (0, 1, 2, 3) (1, 2, 6, 7) 145.66666666666666
6 (0, 1, 2, 3) (1, 2, 6, 8) 145.66666666666666
6 (0, 1, 2, 3) (1, 2, 6, 9) 145.66666666666666
6 (0, 1, 2, 3) (1, 2, 6, 10) 145.66666666666666
6 (0, 1, 2, 3) (1, 2, 6, 11) 145.66666666666666
6 (0, 1, 2, 3) (1, 2, 7, 8) 145.66666666666666
6 (0, 1, 2, 3) (1, 2, 7, 9) 145.66666666666666
6 (0, 1, 2, 3) (1, 2, 7, 10) 145.66666666666666
6 (0, 1, 2, 3) (1, 2, 7, 11) 145.66666666666666
6 (0, 1, 2, 3) (1, 2, 8, 9) 145.66666666666666
6 (0, 1, 2, 3) (1, 2, 8, 10) 145.66666666666666
6 (0, 1, 2, 3) (1, 2, 8, 11) 145.66666666666666
6 (0, 1, 2, 3) (1, 2, 9, 10) 145.66666666666666
6 (0, 1, 2, 3) (1, 2, 9, 11) 145.66666666666666
6 (0, 1, 2, 3) (1, 2, 10, 11) 145.66666666666666
6 (0, 1, 2, 3) (1, 3, 4, 5) 145.66666666666666
6 (0, 1, 2, 3) (1, 3, 4, 6) 145.66666666666666
6 (0, 1, 2, 3) (1, 3, 4, 7) 145.66666666666666
6 (0, 1, 2, 3) (1, 3, 4, 8) 145.66666666666666
6 (0, 1, 2, 3) (1, 3, 4, 9) 145.66666666666666
6 (0, 1, 2, 3) (1, 3, 4, 10) 145.66666666666666
6 (0, 1, 2, 3) (1, 3, 4, 11) 145.66666666666666
6 (0, 1, 2, 3) (1, 3, 5, 6) 145.66666666666666
6 (0, 1, 2, 3) (1, 3, 5, 7) 145.66666666666666
6 (0, 1, 2, 3) (1, 3, 5, 8) 145.66666666666666
6 (0, 1, 2, 3) (1, 3, 5, 9) 145.66666666666666
6 (0, 1, 2, 3) (1, 3, 5, 10) 145.66666666666666
6 (0, 1, 2, 3) (1, 3, 5, 11) 145.66666666666666
6 (0, 1, 2, 3) (1, 3, 6, 7) 145.66666666666666
6 (0, 1, 2, 3) (1, 3, 6, 8) 145.66666666666666
6 (0, 1, 2, 3) (1, 3, 6, 9) 145.66666666666666
6 (0, 1, 2, 3) (1, 3, 6, 10) 145.66666666666666
6 (0, 1, 2, 3) (1, 3, 6, 11) 145.66666666666666
6 (0, 1, 2, 3) (1, 3, 7, 8) 145.66666666666666
6 (0, 1, 2, 3) (1, 3, 7, 9) 145.66666666666666
6 (0, 1, 2, 3) (1, 3, 7, 10) 145.66666666666666
6 (0, 1, 2, 3) (1, 3, 7, 11) 145.66666666666666
6 (0, 1, 2, 3) (1, 3, 8, 9) 145.66666666666666
6 (0, 1, 2, 3) (1, 3, 8, 10) 145.66666666666666
6 (0, 1, 2, 3) (1, 3, 8, 11) 145.66666666666666
6 (0, 1, 2, 3) (1, 3, 9, 10) 145.66666666666666
6 (0, 1, 2, 3) (1, 3, 9, 11) 145.66666666666666
6 (0, 1, 2, 3) (1, 3, 10, 11) 145.66666666666666
6 (0, 1, 2, 3) (2, 3, 4, 5) 145.66666666666666
6 (0, 1, 2, 3) (2, 3, 4, 6) 145.66666666666666
6 (0, 1, 2, 3) (2, 3, 4, 7) 145.66666666666666
6 (0, 1, 2, 3) (2, 3, 4, 8) 145.66666666666666
6 (0, 1, 2, 3) (2, 3, 4, 9) 145.66666666666666
6 (0, 1, 2, 3) (2, 3, 4, 10) 145.66666666666666
6 (0, 1, 2, 3) (2, 3, 4, 11) 145.66666666666666
6 (0, 1, 2, 3) (2, 3, 5, 6) 145.66666666666666
6 (0, 1, 2, 3) (2, 3, 5, 7) 145.66666666666666
6 (0, 1, 2, 3) (2, 3, 5, 8) 145.66666666666666
6 (0, 1, 2, 3) (2, 3, 5, 9) 145.66666666666666
6 (0, 1, 2, 3) (2, 3, 5, 10) 145.66666666666666
6 (0, 1, 2, 3) (2, 3, 5, 11) 145.66666666666666
6 (0, 1, 2, 3) (2, 3, 6, 7) 145.66666666666666
6 (0, 1, 2, 3) (2, 3, 6, 8) 145.66666666666666
6 (0, 1, 2, 3) (2, 3, 6, 9) 145.66666666666666
6 (0, 1, 2, 3) (2, 3, 6, 10) 145.66666666666666
6 (0, 1, 2, 3) (2, 3, 6, 11) 145.66666666666666
6 (0, 1, 2, 3) (2, 3, 7, 8) 145.66666666666666
6 (0, 1, 2, 3) (2, 3, 7, 9) 145.66666666666666
6 (0, 1, 2, 3) (2, 3, 7, 10) 145.66666666666666
6 (0, 1, 2, 3) (2, 3, 7, 11) 145.66666666666666
6 (0, 1, 2, 3) (2, 3, 8, 9) 145.66666666666666
6 (0, 1, 2, 3) (2, 3, 8, 10) 145.66666666666666
6 (0, 1, 2, 3) (2, 3, 8, 11) 145.66666666666666
6 (0, 1, 2, 3) (2, 3, 9, 10) 145.66666666666666
6 (0, 1, 2, 3) (2, 3, 9, 11) 145.66666666666666
6 (0, 1, 2, 3) (2, 3, 10, 11) 145.66666666666666
8 (0, 1, 2, 3) (4, 5, 6, 7) 1485.8
8 (0, 1, 2, 3) (4, 5, 6, 8) 1485.8
8 (0, 1, 2, 3) (4, 5, 6, 9) 1485.8
8 (0, 1, 2, 3) (4, 5, 6, 10) 1485.8
8 (0, 1, 2, 3) (4, 5, 6, 11) 1485.8
8 (0, 1, 2, 3) (4, 5, 7, 8) 1485.8
8 (0, 1, 2, 3) (4, 5, 7, 9) 1485.8
8 (0, 1, 2, 3) (4, 5, 7, 10) 1485.8
8 (0, 1, 2, 3) (4, 5, 7, 11) 1485.8
8 (0, 1, 2, 3) (4, 5, 8, 9) 1485.8
8 (0, 1, 2, 3) (4, 5, 8, 10) 1485.8
8 (0, 1, 2, 3) (4, 5, 8, 11) 1485.8
8 (0, 1, 2, 3) (4, 5, 9, 10) 1485.8
8 (0, 1, 2, 3) (4, 5, 9, 11) 1485.8
8 (0, 1, 2, 3) (4, 5, 10, 11) 1485.8
8 (0, 1, 2, 3) (4, 6, 7, 8) 1485.8
8 (0, 1, 2, 3) (4, 6, 7, 9) 1485.8
8 (0, 1, 2, 3) (4, 6, 7, 10) 1485.8
8 (0, 1, 2, 3) (4, 6, 7, 11) 1485.8
8 (0, 1, 2, 3) (4, 6, 8, 9) 1485.8
8 (0, 1, 2, 3) (4, 6, 8, 10) 1485.8
8 (0, 1, 2, 3) (4, 6, 8, 11) 1485.8
8 (0, 1, 2, 3) (4, 6, 9, 10) 1485.8
8 (0, 1, 2, 3) (4, 6, 9, 11) 1485.8
8 (0, 1, 2, 3) (4, 6, 10, 11) 1485.8
8 (0, 1, 2, 3) (4, 7, 8, 9) 1485.8
8 (0, 1, 2, 3) (4, 7, 8, 10) 1485.8
8 (0, 1, 2, 3) (4, 7, 8, 11) 1485.8
8 (0, 1, 2, 3) (4, 7, 9, 10) 1485.8
8 (0, 1, 2, 3) (4, 7, 9, 11) 1485.8
8 (0, 1, 2, 3) (4, 7, 10, 11) 1485.8
8 (0, 1, 2, 3) (4, 8, 9, 10) 1485.8
8 (0, 1, 2, 3) (4, 8, 9, 11) 1485.8
8 (0, 1, 2, 3) (4, 8, 10, 11) 1485.8
8 (0, 1, 2, 3) (4, 9, 10, 11) 1485.8
8 (0, 1, 2, 3) (5, 6, 7, 8) 1485.8
8 (0, 1, 2, 3) (5, 6, 7, 9) 1485.8
8 (0, 1, 2, 3) (5, 6, 7, 10) 1485.8
8 (0, 1, 2, 3) (5, 6, 7, 11) 1485.8
8 (0, 1, 2, 3) (5, 6, 8, 9) 1485.8
8 (0, 1, 2, 3) (5, 6, 8, 10) 1485.8
8 (0, 1, 2, 3) (5, 6, 8, 11) 1485.8
8 (0, 1, 2, 3) (5, 6, 9, 10) 1485.8
8 (0, 1, 2, 3) (5, 6, 9, 11) 1485.8
8 (0, 1, 2, 3) (5, 6, 10, 11) 1485.8
8 (0, 1, 2, 3) (5, 7, 8, 9) 1485.8
8 (0, 1, 2, 3) (5, 7, 8, 10) 1485.8
8 (0, 1, 2, 3) (5, 7, 8, 11) 1485.8
8 (0, 1, 2, 3) (5, 7, 9, 10) 1485.8
8 (0, 1, 2, 3) (5, 7, 9, 11) 1485.8
8 (0, 1, 2, 3) (5, 7, 10, 11) 1485.8
8 (0, 1, 2, 3) (5, 8, 9, 10) 1485.8
8 (0, 1, 2, 3) (5, 8, 9, 11) 1485.8
8 (0, 1, 2, 3) (5, 8, 10, 11) 1485.8
8 (0, 1, 2, 3) (5, 9, 10, 11) 1485.8
8 (0, 1, 2, 3) (6, 7, 8, 9) 1485.8
8 (0, 1, 2, 3) (6, 7, 8, 10) 1485.8
8 (0, 1, 2, 3) (6, 7, 8, 11) 1485.8
8 (0, 1, 2, 3) (6, 7, 9, 10) 1485.8
8 (0, 1, 2, 3) (6, 7, 9, 11) 1485.8
8 (0, 1, 2, 3) (6, 7, 10, 11) 1485.8
8 (0, 1, 2, 3) (6, 8, 9, 10) 1485.8
8 (0, 1, 2, 3) (6, 8, 9, 11) 1485.8
8 (0, 1, 2, 3) (6, 8, 10, 11) 1485.8
8 (0, 1, 2, 3) (6, 9, 10, 11) 1485.8
8 (0, 1, 2, 3) (7, 8, 9, 10) 1485.8
8 (0, 1, 2, 3) (7, 8, 9, 11) 1485.8
8 (0, 1, 2, 3) (7, 8, 10, 11) 1485.8
8 (0, 1, 2, 3) (7, 9, 10, 11) 1485.8
8 (0, 1, 2, 3) (8, 9, 10, 11) 1485.8
(debug): beta=-0.6842105263157895, S_thermal=4.153310432018729
6 (0, 1, 2, 3) (0, 1, 4, 5) 145.66666666666666
6 (0, 1, 2, 3) (0, 1, 4, 6) 145.66666666666666
6 (0, 1, 2, 3) (0, 1, 4, 7) 145.66666666666666
6 (0, 1, 2, 3) (0, 1, 4, 8) 145.66666666666666
6 (0, 1, 2, 3) (0, 1, 4, 9) 145.66666666666666
6 (0, 1, 2, 3) (0, 1, 4, 10) 145.66666666666666
6 (0, 1, 2, 3) (0, 1, 4, 11) 145.66666666666666
6 (0, 1, 2, 3) (0, 1, 5, 6) 145.66666666666666
6 (0, 1, 2, 3) (0, 1, 5, 7) 145.66666666666666
6 (0, 1, 2, 3) (0, 1, 5, 8) 145.66666666666666
6 (0, 1, 2, 3) (0, 1, 5, 9) 145.66666666666666
6 (0, 1, 2, 3) (0, 1, 5, 10) 145.66666666666666
6 (0, 1, 2, 3) (0, 1, 5, 11) 145.66666666666666
6 (0, 1, 2, 3) (0, 1, 6, 7) 145.66666666666666
6 (0, 1, 2, 3) (0, 1, 6, 8) 145.66666666666666
6 (0, 1, 2, 3) (0, 1, 6, 9) 145.66666666666666
6 (0, 1, 2, 3) (0, 1, 6, 10) 145.66666666666666
6 (0, 1, 2, 3) (0, 1, 6, 11) 145.66666666666666
6 (0, 1, 2, 3) (0, 1, 7, 8) 145.66666666666666
6 (0, 1, 2, 3) (0, 1, 7, 9) 145.66666666666666
6 (0, 1, 2, 3) (0, 1, 7, 10) 145.66666666666666
6 (0, 1, 2, 3) (0, 1, 7, 11) 145.66666666666666
6 (0, 1, 2, 3) (0, 1, 8, 9) 145.66666666666666
6 (0, 1, 2, 3) (0, 1, 8, 10) 145.66666666666666
6 (0, 1, 2, 3) (0, 1, 8, 11) 145.66666666666666
6 (0, 1, 2, 3) (0, 1, 9, 10) 145.66666666666666
6 (0, 1, 2, 3) (0, 1, 9, 11) 145.66666666666666
6 (0, 1, 2, 3) (0, 1, 10, 11) 145.66666666666666
6 (0, 1, 2, 3) (0, 2, 4, 5) 145.66666666666666
6 (0, 1, 2, 3) (0, 2, 4, 6) 145.66666666666666
6 (0, 1, 2, 3) (0, 2, 4, 7) 145.66666666666666
6 (0, 1, 2, 3) (0, 2, 4, 8) 145.66666666666666
6 (0, 1, 2, 3) (0, 2, 4, 9) 145.66666666666666
6 (0, 1, 2, 3) (0, 2, 4, 10) 145.66666666666666
6 (0, 1, 2, 3) (0, 2, 4, 11) 145.66666666666666
6 (0, 1, 2, 3) (0, 2, 5, 6) 145.66666666666666
6 (0, 1, 2, 3) (0, 2, 5, 7) 145.66666666666666
6 (0, 1, 2, 3) (0, 2, 5, 8) 145.66666666666666
6 (0, 1, 2, 3) (0, 2, 5, 9) 145.66666666666666
6 (0, 1, 2, 3) (0, 2, 5, 10) 145.66666666666666
6 (0, 1, 2, 3) (0, 2, 5, 11) 145.66666666666666
6 (0, 1, 2, 3) (0, 2, 6, 7) 145.66666666666666
6 (0, 1, 2, 3) (0, 2, 6, 8) 145.66666666666666
6 (0, 1, 2, 3) (0, 2, 6, 9) 145.66666666666666
6 (0, 1, 2, 3) (0, 2, 6, 10) 145.66666666666666
6 (0, 1, 2, 3) (0, 2, 6, 11) 145.66666666666666
6 (0, 1, 2, 3) (0, 2, 7, 8) 145.66666666666666
6 (0, 1, 2, 3) (0, 2, 7, 9) 145.66666666666666
6 (0, 1, 2, 3) (0, 2, 7, 10) 145.66666666666666
6 (0, 1, 2, 3) (0, 2, 7, 11) 145.66666666666666
6 (0, 1, 2, 3) (0, 2, 8, 9) 145.66666666666666
6 (0, 1, 2, 3) (0, 2, 8, 10) 145.66666666666666
6 (0, 1, 2, 3) (0, 2, 8, 11) 145.66666666666666
6 (0, 1, 2, 3) (0, 2, 9, 10) 145.66666666666666
6 (0, 1, 2, 3) (0, 2, 9, 11) 145.66666666666666
6 (0, 1, 2, 3) (0, 2, 10, 11) 145.66666666666666
6 (0, 1, 2, 3) (0, 3, 4, 5) 145.66666666666666
6 (0, 1, 2, 3) (0, 3, 4, 6) 145.66666666666666
6 (0, 1, 2, 3) (0, 3, 4, 7) 145.66666666666666
6 (0, 1, 2, 3) (0, 3, 4, 8) 145.66666666666666
6 (0, 1, 2, 3) (0, 3, 4, 9) 145.66666666666666
6 (0, 1, 2, 3) (0, 3, 4, 10) 145.66666666666666
6 (0, 1, 2, 3) (0, 3, 4, 11) 145.66666666666666
6 (0, 1, 2, 3) (0, 3, 5, 6) 145.66666666666666
6 (0, 1, 2, 3) (0, 3, 5, 7) 145.66666666666666
6 (0, 1, 2, 3) (0, 3, 5, 8) 145.66666666666666
6 (0, 1, 2, 3) (0, 3, 5, 9) 145.66666666666666
6 (0, 1, 2, 3) (0, 3, 5, 10) 145.66666666666666
6 (0, 1, 2, 3) (0, 3, 5, 11) 145.66666666666666
6 (0, 1, 2, 3) (0, 3, 6, 7) 145.66666666666666
6 (0, 1, 2, 3) (0, 3, 6, 8) 145.66666666666666
6 (0, 1, 2, 3) (0, 3, 6, 9) 145.66666666666666
6 (0, 1, 2, 3) (0, 3, 6, 10) 145.66666666666666
6 (0, 1, 2, 3) (0, 3, 6, 11) 145.66666666666666
6 (0, 1, 2, 3) (0, 3, 7, 8) 145.66666666666666
6 (0, 1, 2, 3) (0, 3, 7, 9) 145.66666666666666
6 (0, 1, 2, 3) (0, 3, 7, 10) 145.66666666666666
6 (0, 1, 2, 3) (0, 3, 7, 11) 145.66666666666666
6 (0, 1, 2, 3) (0, 3, 8, 9) 145.66666666666666
6 (0, 1, 2, 3) (0, 3, 8, 10) 145.66666666666666
6 (0, 1, 2, 3) (0, 3, 8, 11) 145.66666666666666
6 (0, 1, 2, 3) (0, 3, 9, 10) 145.66666666666666
6 (0, 1, 2, 3) (0, 3, 9, 11) 145.66666666666666
6 (0, 1, 2, 3) (0, 3, 10, 11) 145.66666666666666
6 (0, 1, 2, 3) (1, 2, 4, 5) 145.66666666666666
6 (0, 1, 2, 3) (1, 2, 4, 6) 145.66666666666666
6 (0, 1, 2, 3) (1, 2, 4, 7) 145.66666666666666
6 (0, 1, 2, 3) (1, 2, 4, 8) 145.66666666666666
6 (0, 1, 2, 3) (1, 2, 4, 9) 145.66666666666666
6 (0, 1, 2, 3) (1, 2, 4, 10) 145.66666666666666
6 (0, 1, 2, 3) (1, 2, 4, 11) 145.66666666666666
6 (0, 1, 2, 3) (1, 2, 5, 6) 145.66666666666666
6 (0, 1, 2, 3) (1, 2, 5, 7) 145.66666666666666
6 (0, 1, 2, 3) (1, 2, 5, 8) 145.66666666666666
6 (0, 1, 2, 3) (1, 2, 5, 9) 145.66666666666666
6 (0, 1, 2, 3) (1, 2, 5, 10) 145.66666666666666
6 (0, 1, 2, 3) (1, 2, 5, 11) 145.66666666666666
6 (0, 1, 2, 3) (1, 2, 6, 7) 145.66666666666666
6 (0, 1, 2, 3) (1, 2, 6, 8) 145.66666666666666
6 (0, 1, 2, 3) (1, 2, 6, 9) 145.66666666666666
6 (0, 1, 2, 3) (1, 2, 6, 10) 145.66666666666666
6 (0, 1, 2, 3) (1, 2, 6, 11) 145.66666666666666
6 (0, 1, 2, 3) (1, 2, 7, 8) 145.66666666666666
6 (0, 1, 2, 3) (1, 2, 7, 9) 145.66666666666666
6 (0, 1, 2, 3) (1, 2, 7, 10) 145.66666666666666
6 (0, 1, 2, 3) (1, 2, 7, 11) 145.66666666666666
6 (0, 1, 2, 3) (1, 2, 8, 9) 145.66666666666666
6 (0, 1, 2, 3) (1, 2, 8, 10) 145.66666666666666
6 (0, 1, 2, 3) (1, 2, 8, 11) 145.66666666666666
6 (0, 1, 2, 3) (1, 2, 9, 10) 145.66666666666666
6 (0, 1, 2, 3) (1, 2, 9, 11) 145.66666666666666
6 (0, 1, 2, 3) (1, 2, 10, 11) 145.66666666666666
6 (0, 1, 2, 3) (1, 3, 4, 5) 145.66666666666666
6 (0, 1, 2, 3) (1, 3, 4, 6) 145.66666666666666
6 (0, 1, 2, 3) (1, 3, 4, 7) 145.66666666666666
6 (0, 1, 2, 3) (1, 3, 4, 8) 145.66666666666666
6 (0, 1, 2, 3) (1, 3, 4, 9) 145.66666666666666
6 (0, 1, 2, 3) (1, 3, 4, 10) 145.66666666666666
6 (0, 1, 2, 3) (1, 3, 4, 11) 145.66666666666666
6 (0, 1, 2, 3) (1, 3, 5, 6) 145.66666666666666
6 (0, 1, 2, 3) (1, 3, 5, 7) 145.66666666666666
6 (0, 1, 2, 3) (1, 3, 5, 8) 145.66666666666666
6 (0, 1, 2, 3) (1, 3, 5, 9) 145.66666666666666
6 (0, 1, 2, 3) (1, 3, 5, 10) 145.66666666666666
6 (0, 1, 2, 3) (1, 3, 5, 11) 145.66666666666666
6 (0, 1, 2, 3) (1, 3, 6, 7) 145.66666666666666
6 (0, 1, 2, 3) (1, 3, 6, 8) 145.66666666666666
6 (0, 1, 2, 3) (1, 3, 6, 9) 145.66666666666666
6 (0, 1, 2, 3) (1, 3, 6, 10) 145.66666666666666
6 (0, 1, 2, 3) (1, 3, 6, 11) 145.66666666666666
6 (0, 1, 2, 3) (1, 3, 7, 8) 145.66666666666666
6 (0, 1, 2, 3) (1, 3, 7, 9) 145.66666666666666
6 (0, 1, 2, 3) (1, 3, 7, 10) 145.66666666666666
6 (0, 1, 2, 3) (1, 3, 7, 11) 145.66666666666666
6 (0, 1, 2, 3) (1, 3, 8, 9) 145.66666666666666
6 (0, 1, 2, 3) (1, 3, 8, 10) 145.66666666666666
6 (0, 1, 2, 3) (1, 3, 8, 11) 145.66666666666666
6 (0, 1, 2, 3) (1, 3, 9, 10) 145.66666666666666
6 (0, 1, 2, 3) (1, 3, 9, 11) 145.66666666666666
6 (0, 1, 2, 3) (1, 3, 10, 11) 145.66666666666666
6 (0, 1, 2, 3) (2, 3, 4, 5) 145.66666666666666
6 (0, 1, 2, 3) (2, 3, 4, 6) 145.66666666666666
6 (0, 1, 2, 3) (2, 3, 4, 7) 145.66666666666666
6 (0, 1, 2, 3) (2, 3, 4, 8) 145.66666666666666
6 (0, 1, 2, 3) (2, 3, 4, 9) 145.66666666666666
6 (0, 1, 2, 3) (2, 3, 4, 10) 145.66666666666666
6 (0, 1, 2, 3) (2, 3, 4, 11) 145.66666666666666
6 (0, 1, 2, 3) (2, 3, 5, 6) 145.66666666666666
6 (0, 1, 2, 3) (2, 3, 5, 7) 145.66666666666666
6 (0, 1, 2, 3) (2, 3, 5, 8) 145.66666666666666
6 (0, 1, 2, 3) (2, 3, 5, 9) 145.66666666666666
6 (0, 1, 2, 3) (2, 3, 5, 10) 145.66666666666666
6 (0, 1, 2, 3) (2, 3, 5, 11) 145.66666666666666
6 (0, 1, 2, 3) (2, 3, 6, 7) 145.66666666666666
6 (0, 1, 2, 3) (2, 3, 6, 8) 145.66666666666666
6 (0, 1, 2, 3) (2, 3, 6, 9) 145.66666666666666
6 (0, 1, 2, 3) (2, 3, 6, 10) 145.66666666666666
6 (0, 1, 2, 3) (2, 3, 6, 11) 145.66666666666666
6 (0, 1, 2, 3) (2, 3, 7, 8) 145.66666666666666
6 (0, 1, 2, 3) (2, 3, 7, 9) 145.66666666666666
6 (0, 1, 2, 3) (2, 3, 7, 10) 145.66666666666666
6 (0, 1, 2, 3) (2, 3, 7, 11) 145.66666666666666
6 (0, 1, 2, 3) (2, 3, 8, 9) 145.66666666666666
6 (0, 1, 2, 3) (2, 3, 8, 10) 145.66666666666666
6 (0, 1, 2, 3) (2, 3, 8, 11) 145.66666666666666
6 (0, 1, 2, 3) (2, 3, 9, 10) 145.66666666666666
6 (0, 1, 2, 3) (2, 3, 9, 11) 145.66666666666666
6 (0, 1, 2, 3) (2, 3, 10, 11) 145.66666666666666
8 (0, 1, 2, 3) (4, 5, 6, 7) 1485.8
8 (0, 1, 2, 3) (4, 5, 6, 8) 1485.8
8 (0, 1, 2, 3) (4, 5, 6, 9) 1485.8
8 (0, 1, 2, 3) (4, 5, 6, 10) 1485.8
8 (0, 1, 2, 3) (4, 5, 6, 11) 1485.8
8 (0, 1, 2, 3) (4, 5, 7, 8) 1485.8
8 (0, 1, 2, 3) (4, 5, 7, 9) 1485.8
8 (0, 1, 2, 3) (4, 5, 7, 10) 1485.8
8 (0, 1, 2, 3) (4, 5, 7, 11) 1485.8
8 (0, 1, 2, 3) (4, 5, 8, 9) 1485.8
8 (0, 1, 2, 3) (4, 5, 8, 10) 1485.8
8 (0, 1, 2, 3) (4, 5, 8, 11) 1485.8
8 (0, 1, 2, 3) (4, 5, 9, 10) 1485.8
8 (0, 1, 2, 3) (4, 5, 9, 11) 1485.8
8 (0, 1, 2, 3) (4, 5, 10, 11) 1485.8
8 (0, 1, 2, 3) (4, 6, 7, 8) 1485.8
8 (0, 1, 2, 3) (4, 6, 7, 9) 1485.8
8 (0, 1, 2, 3) (4, 6, 7, 10) 1485.8
8 (0, 1, 2, 3) (4, 6, 7, 11) 1485.8
8 (0, 1, 2, 3) (4, 6, 8, 9) 1485.8
8 (0, 1, 2, 3) (4, 6, 8, 10) 1485.8
8 (0, 1, 2, 3) (4, 6, 8, 11) 1485.8
8 (0, 1, 2, 3) (4, 6, 9, 10) 1485.8
8 (0, 1, 2, 3) (4, 6, 9, 11) 1485.8
8 (0, 1, 2, 3) (4, 6, 10, 11) 1485.8
8 (0, 1, 2, 3) (4, 7, 8, 9) 1485.8
8 (0, 1, 2, 3) (4, 7, 8, 10) 1485.8
8 (0, 1, 2, 3) (4, 7, 8, 11) 1485.8
8 (0, 1, 2, 3) (4, 7, 9, 10) 1485.8
8 (0, 1, 2, 3) (4, 7, 9, 11) 1485.8
8 (0, 1, 2, 3) (4, 7, 10, 11) 1485.8
8 (0, 1, 2, 3) (4, 8, 9, 10) 1485.8
8 (0, 1, 2, 3) (4, 8, 9, 11) 1485.8
8 (0, 1, 2, 3) (4, 8, 10, 11) 1485.8
8 (0, 1, 2, 3) (4, 9, 10, 11) 1485.8
8 (0, 1, 2, 3) (5, 6, 7, 8) 1485.8
8 (0, 1, 2, 3) (5, 6, 7, 9) 1485.8
8 (0, 1, 2, 3) (5, 6, 7, 10) 1485.8
8 (0, 1, 2, 3) (5, 6, 7, 11) 1485.8
8 (0, 1, 2, 3) (5, 6, 8, 9) 1485.8
8 (0, 1, 2, 3) (5, 6, 8, 10) 1485.8
8 (0, 1, 2, 3) (5, 6, 8, 11) 1485.8
8 (0, 1, 2, 3) (5, 6, 9, 10) 1485.8
8 (0, 1, 2, 3) (5, 6, 9, 11) 1485.8
8 (0, 1, 2, 3) (5, 6, 10, 11) 1485.8
8 (0, 1, 2, 3) (5, 7, 8, 9) 1485.8
8 (0, 1, 2, 3) (5, 7, 8, 10) 1485.8
8 (0, 1, 2, 3) (5, 7, 8, 11) 1485.8
8 (0, 1, 2, 3) (5, 7, 9, 10) 1485.8
8 (0, 1, 2, 3) (5, 7, 9, 11) 1485.8
8 (0, 1, 2, 3) (5, 7, 10, 11) 1485.8
8 (0, 1, 2, 3) (5, 8, 9, 10) 1485.8
8 (0, 1, 2, 3) (5, 8, 9, 11) 1485.8
8 (0, 1, 2, 3) (5, 8, 10, 11) 1485.8
8 (0, 1, 2, 3) (5, 9, 10, 11) 1485.8
8 (0, 1, 2, 3) (6, 7, 8, 9) 1485.8
8 (0, 1, 2, 3) (6, 7, 8, 10) 1485.8
8 (0, 1, 2, 3) (6, 7, 8, 11) 1485.8
8 (0, 1, 2, 3) (6, 7, 9, 10) 1485.8
8 (0, 1, 2, 3) (6, 7, 9, 11) 1485.8
8 (0, 1, 2, 3) (6, 7, 10, 11) 1485.8
8 (0, 1, 2, 3) (6, 8, 9, 10) 1485.8
8 (0, 1, 2, 3) (6, 8, 9, 11) 1485.8
8 (0, 1, 2, 3) (6, 8, 10, 11) 1485.8
8 (0, 1, 2, 3) (6, 9, 10, 11) 1485.8
8 (0, 1, 2, 3) (7, 8, 9, 10) 1485.8
8 (0, 1, 2, 3) (7, 8, 9, 11) 1485.8
8 (0, 1, 2, 3) (7, 8, 10, 11) 1485.8
8 (0, 1, 2, 3) (7, 9, 10, 11) 1485.8
8 (0, 1, 2, 3) (8, 9, 10, 11) 1485.8
(debug): beta=-0.5789473684210527, S_thermal=4.154889856716135
6 (0, 1, 2, 3) (0, 1, 4, 5) 145.66666666666666
6 (0, 1, 2, 3) (0, 1, 4, 6) 145.66666666666666
6 (0, 1, 2, 3) (0, 1, 4, 7) 145.66666666666666
6 (0, 1, 2, 3) (0, 1, 4, 8) 145.66666666666666
6 (0, 1, 2, 3) (0, 1, 4, 9) 145.66666666666666
6 (0, 1, 2, 3) (0, 1, 4, 10) 145.66666666666666
6 (0, 1, 2, 3) (0, 1, 4, 11) 145.66666666666666
6 (0, 1, 2, 3) (0, 1, 5, 6) 145.66666666666666
6 (0, 1, 2, 3) (0, 1, 5, 7) 145.66666666666666
6 (0, 1, 2, 3) (0, 1, 5, 8) 145.66666666666666
6 (0, 1, 2, 3) (0, 1, 5, 9) 145.66666666666666
6 (0, 1, 2, 3) (0, 1, 5, 10) 145.66666666666666
6 (0, 1, 2, 3) (0, 1, 5, 11) 145.66666666666666
6 (0, 1, 2, 3) (0, 1, 6, 7) 145.66666666666666
6 (0, 1, 2, 3) (0, 1, 6, 8) 145.66666666666666
6 (0, 1, 2, 3) (0, 1, 6, 9) 145.66666666666666
6 (0, 1, 2, 3) (0, 1, 6, 10) 145.66666666666666
6 (0, 1, 2, 3) (0, 1, 6, 11) 145.66666666666666
6 (0, 1, 2, 3) (0, 1, 7, 8) 145.66666666666666
6 (0, 1, 2, 3) (0, 1, 7, 9) 145.66666666666666
6 (0, 1, 2, 3) (0, 1, 7, 10) 145.66666666666666
6 (0, 1, 2, 3) (0, 1, 7, 11) 145.66666666666666
6 (0, 1, 2, 3) (0, 1, 8, 9) 145.66666666666666
6 (0, 1, 2, 3) (0, 1, 8, 10) 145.66666666666666
6 (0, 1, 2, 3) (0, 1, 8, 11) 145.66666666666666
6 (0, 1, 2, 3) (0, 1, 9, 10) 145.66666666666666
6 (0, 1, 2, 3) (0, 1, 9, 11) 145.66666666666666
6 (0, 1, 2, 3) (0, 1, 10, 11) 145.66666666666666
6 (0, 1, 2, 3) (0, 2, 4, 5) 145.66666666666666
6 (0, 1, 2, 3) (0, 2, 4, 6) 145.66666666666666
6 (0, 1, 2, 3) (0, 2, 4, 7) 145.66666666666666
6 (0, 1, 2, 3) (0, 2, 4, 8) 145.66666666666666
6 (0, 1, 2, 3) (0, 2, 4, 9) 145.66666666666666
6 (0, 1, 2, 3) (0, 2, 4, 10) 145.66666666666666
6 (0, 1, 2, 3) (0, 2, 4, 11) 145.66666666666666
6 (0, 1, 2, 3) (0, 2, 5, 6) 145.66666666666666
6 (0, 1, 2, 3) (0, 2, 5, 7) 145.66666666666666
6 (0, 1, 2, 3) (0, 2, 5, 8) 145.66666666666666
6 (0, 1, 2, 3) (0, 2, 5, 9) 145.66666666666666
6 (0, 1, 2, 3) (0, 2, 5, 10) 145.66666666666666
6 (0, 1, 2, 3) (0, 2, 5, 11) 145.66666666666666
6 (0, 1, 2, 3) (0, 2, 6, 7) 145.66666666666666
6 (0, 1, 2, 3) (0, 2, 6, 8) 145.66666666666666
6 (0, 1, 2, 3) (0, 2, 6, 9) 145.66666666666666
6 (0, 1, 2, 3) (0, 2, 6, 10) 145.66666666666666
6 (0, 1, 2, 3) (0, 2, 6, 11) 145.66666666666666
6 (0, 1, 2, 3) (0, 2, 7, 8) 145.66666666666666
6 (0, 1, 2, 3) (0, 2, 7, 9) 145.66666666666666
6 (0, 1, 2, 3) (0, 2, 7, 10) 145.66666666666666
6 (0, 1, 2, 3) (0, 2, 7, 11) 145.66666666666666
6 (0, 1, 2, 3) (0, 2, 8, 9) 145.66666666666666
6 (0, 1, 2, 3) (0, 2, 8, 10) 145.66666666666666
6 (0, 1, 2, 3) (0, 2, 8, 11) 145.66666666666666
6 (0, 1, 2, 3) (0, 2, 9, 10) 145.66666666666666
6 (0, 1, 2, 3) (0, 2, 9, 11) 145.66666666666666
6 (0, 1, 2, 3) (0, 2, 10, 11) 145.66666666666666
6 (0, 1, 2, 3) (0, 3, 4, 5) 145.66666666666666
6 (0, 1, 2, 3) (0, 3, 4, 6) 145.66666666666666
6 (0, 1, 2, 3) (0, 3, 4, 7) 145.66666666666666
6 (0, 1, 2, 3) (0, 3, 4, 8) 145.66666666666666
6 (0, 1, 2, 3) (0, 3, 4, 9) 145.66666666666666
6 (0, 1, 2, 3) (0, 3, 4, 10) 145.66666666666666
6 (0, 1, 2, 3) (0, 3, 4, 11) 145.66666666666666
6 (0, 1, 2, 3) (0, 3, 5, 6) 145.66666666666666
6 (0, 1, 2, 3) (0, 3, 5, 7) 145.66666666666666
6 (0, 1, 2, 3) (0, 3, 5, 8) 145.66666666666666
6 (0, 1, 2, 3) (0, 3, 5, 9) 145.66666666666666
6 (0, 1, 2, 3) (0, 3, 5, 10) 145.66666666666666
6 (0, 1, 2, 3) (0, 3, 5, 11) 145.66666666666666
6 (0, 1, 2, 3) (0, 3, 6, 7) 145.66666666666666
6 (0, 1, 2, 3) (0, 3, 6, 8) 145.66666666666666
6 (0, 1, 2, 3) (0, 3, 6, 9) 145.66666666666666
6 (0, 1, 2, 3) (0, 3, 6, 10) 145.66666666666666
6 (0, 1, 2, 3) (0, 3, 6, 11) 145.66666666666666
6 (0, 1, 2, 3) (0, 3, 7, 8) 145.66666666666666
6 (0, 1, 2, 3) (0, 3, 7, 9) 145.66666666666666
6 (0, 1, 2, 3) (0, 3, 7, 10) 145.66666666666666
6 (0, 1, 2, 3) (0, 3, 7, 11) 145.66666666666666
6 (0, 1, 2, 3) (0, 3, 8, 9) 145.66666666666666
6 (0, 1, 2, 3) (0, 3, 8, 10) 145.66666666666666
6 (0, 1, 2, 3) (0, 3, 8, 11) 145.66666666666666
6 (0, 1, 2, 3) (0, 3, 9, 10) 145.66666666666666
6 (0, 1, 2, 3) (0, 3, 9, 11) 145.66666666666666
6 (0, 1, 2, 3) (0, 3, 10, 11) 145.66666666666666
6 (0, 1, 2, 3) (1, 2, 4, 5) 145.66666666666666
6 (0, 1, 2, 3) (1, 2, 4, 6) 145.66666666666666
6 (0, 1, 2, 3) (1, 2, 4, 7) 145.66666666666666
6 (0, 1, 2, 3) (1, 2, 4, 8) 145.66666666666666
6 (0, 1, 2, 3) (1, 2, 4, 9) 145.66666666666666
6 (0, 1, 2, 3) (1, 2, 4, 10) 145.66666666666666
6 (0, 1, 2, 3) (1, 2, 4, 11) 145.66666666666666
6 (0, 1, 2, 3) (1, 2, 5, 6) 145.66666666666666
6 (0, 1, 2, 3) (1, 2, 5, 7) 145.66666666666666
6 (0, 1, 2, 3) (1, 2, 5, 8) 145.66666666666666
6 (0, 1, 2, 3) (1, 2, 5, 9) 145.66666666666666
6 (0, 1, 2, 3) (1, 2, 5, 10) 145.66666666666666
6 (0, 1, 2, 3) (1, 2, 5, 11) 145.66666666666666
6 (0, 1, 2, 3) (1, 2, 6, 7) 145.66666666666666
6 (0, 1, 2, 3) (1, 2, 6, 8) 145.66666666666666
6 (0, 1, 2, 3) (1, 2, 6, 9) 145.66666666666666
6 (0, 1, 2, 3) (1, 2, 6, 10) 145.66666666666666
6 (0, 1, 2, 3) (1, 2, 6, 11) 145.66666666666666
6 (0, 1, 2, 3) (1, 2, 7, 8) 145.66666666666666
6 (0, 1, 2, 3) (1, 2, 7, 9) 145.66666666666666
6 (0, 1, 2, 3) (1, 2, 7, 10) 145.66666666666666
6 (0, 1, 2, 3) (1, 2, 7, 11) 145.66666666666666
6 (0, 1, 2, 3) (1, 2, 8, 9) 145.66666666666666
6 (0, 1, 2, 3) (1, 2, 8, 10) 145.66666666666666
6 (0, 1, 2, 3) (1, 2, 8, 11) 145.66666666666666
6 (0, 1, 2, 3) (1, 2, 9, 10) 145.66666666666666
6 (0, 1, 2, 3) (1, 2, 9, 11) 145.66666666666666
6 (0, 1, 2, 3) (1, 2, 10, 11) 145.66666666666666
6 (0, 1, 2, 3) (1, 3, 4, 5) 145.66666666666666
6 (0, 1, 2, 3) (1, 3, 4, 6) 145.66666666666666
6 (0, 1, 2, 3) (1, 3, 4, 7) 145.66666666666666
6 (0, 1, 2, 3) (1, 3, 4, 8) 145.66666666666666
6 (0, 1, 2, 3) (1, 3, 4, 9) 145.66666666666666
6 (0, 1, 2, 3) (1, 3, 4, 10) 145.66666666666666
6 (0, 1, 2, 3) (1, 3, 4, 11) 145.66666666666666
6 (0, 1, 2, 3) (1, 3, 5, 6) 145.66666666666666
6 (0, 1, 2, 3) (1, 3, 5, 7) 145.66666666666666
6 (0, 1, 2, 3) (1, 3, 5, 8) 145.66666666666666
6 (0, 1, 2, 3) (1, 3, 5, 9) 145.66666666666666
6 (0, 1, 2, 3) (1, 3, 5, 10) 145.66666666666666
6 (0, 1, 2, 3) (1, 3, 5, 11) 145.66666666666666
6 (0, 1, 2, 3) (1, 3, 6, 7) 145.66666666666666
6 (0, 1, 2, 3) (1, 3, 6, 8) 145.66666666666666
6 (0, 1, 2, 3) (1, 3, 6, 9) 145.66666666666666
6 (0, 1, 2, 3) (1, 3, 6, 10) 145.66666666666666
6 (0, 1, 2, 3) (1, 3, 6, 11) 145.66666666666666
6 (0, 1, 2, 3) (1, 3, 7, 8) 145.66666666666666
6 (0, 1, 2, 3) (1, 3, 7, 9) 145.66666666666666
6 (0, 1, 2, 3) (1, 3, 7, 10) 145.66666666666666
6 (0, 1, 2, 3) (1, 3, 7, 11) 145.66666666666666
6 (0, 1, 2, 3) (1, 3, 8, 9) 145.66666666666666
6 (0, 1, 2, 3) (1, 3, 8, 10) 145.66666666666666
6 (0, 1, 2, 3) (1, 3, 8, 11) 145.66666666666666
6 (0, 1, 2, 3) (1, 3, 9, 10) 145.66666666666666
6 (0, 1, 2, 3) (1, 3, 9, 11) 145.66666666666666
6 (0, 1, 2, 3) (1, 3, 10, 11) 145.66666666666666
6 (0, 1, 2, 3) (2, 3, 4, 5) 145.66666666666666
6 (0, 1, 2, 3) (2, 3, 4, 6) 145.66666666666666
6 (0, 1, 2, 3) (2, 3, 4, 7) 145.66666666666666
6 (0, 1, 2, 3) (2, 3, 4, 8) 145.66666666666666
6 (0, 1, 2, 3) (2, 3, 4, 9) 145.66666666666666
6 (0, 1, 2, 3) (2, 3, 4, 10) 145.66666666666666
6 (0, 1, 2, 3) (2, 3, 4, 11) 145.66666666666666
6 (0, 1, 2, 3) (2, 3, 5, 6) 145.66666666666666
6 (0, 1, 2, 3) (2, 3, 5, 7) 145.66666666666666
6 (0, 1, 2, 3) (2, 3, 5, 8) 145.66666666666666
6 (0, 1, 2, 3) (2, 3, 5, 9) 145.66666666666666
6 (0, 1, 2, 3) (2, 3, 5, 10) 145.66666666666666
6 (0, 1, 2, 3) (2, 3, 5, 11) 145.66666666666666
6 (0, 1, 2, 3) (2, 3, 6, 7) 145.66666666666666
6 (0, 1, 2, 3) (2, 3, 6, 8) 145.66666666666666
6 (0, 1, 2, 3) (2, 3, 6, 9) 145.66666666666666
6 (0, 1, 2, 3) (2, 3, 6, 10) 145.66666666666666
6 (0, 1, 2, 3) (2, 3, 6, 11) 145.66666666666666
6 (0, 1, 2, 3) (2, 3, 7, 8) 145.66666666666666
6 (0, 1, 2, 3) (2, 3, 7, 9) 145.66666666666666
6 (0, 1, 2, 3) (2, 3, 7, 10) 145.66666666666666
6 (0, 1, 2, 3) (2, 3, 7, 11) 145.66666666666666
6 (0, 1, 2, 3) (2, 3, 8, 9) 145.66666666666666
6 (0, 1, 2, 3) (2, 3, 8, 10) 145.66666666666666
6 (0, 1, 2, 3) (2, 3, 8, 11) 145.66666666666666
6 (0, 1, 2, 3) (2, 3, 9, 10) 145.66666666666666
6 (0, 1, 2, 3) (2, 3, 9, 11) 145.66666666666666
6 (0, 1, 2, 3) (2, 3, 10, 11) 145.66666666666666
8 (0, 1, 2, 3) (4, 5, 6, 7) 1485.8
8 (0, 1, 2, 3) (4, 5, 6, 8) 1485.8
8 (0, 1, 2, 3) (4, 5, 6, 9) 1485.8
8 (0, 1, 2, 3) (4, 5, 6, 10) 1485.8
8 (0, 1, 2, 3) (4, 5, 6, 11) 1485.8
8 (0, 1, 2, 3) (4, 5, 7, 8) 1485.8
8 (0, 1, 2, 3) (4, 5, 7, 9) 1485.8
8 (0, 1, 2, 3) (4, 5, 7, 10) 1485.8
8 (0, 1, 2, 3) (4, 5, 7, 11) 1485.8
8 (0, 1, 2, 3) (4, 5, 8, 9) 1485.8
8 (0, 1, 2, 3) (4, 5, 8, 10) 1485.8
8 (0, 1, 2, 3) (4, 5, 8, 11) 1485.8
8 (0, 1, 2, 3) (4, 5, 9, 10) 1485.8
8 (0, 1, 2, 3) (4, 5, 9, 11) 1485.8
8 (0, 1, 2, 3) (4, 5, 10, 11) 1485.8
8 (0, 1, 2, 3) (4, 6, 7, 8) 1485.8
8 (0, 1, 2, 3) (4, 6, 7, 9) 1485.8
8 (0, 1, 2, 3) (4, 6, 7, 10) 1485.8
8 (0, 1, 2, 3) (4, 6, 7, 11) 1485.8
8 (0, 1, 2, 3) (4, 6, 8, 9) 1485.8
8 (0, 1, 2, 3) (4, 6, 8, 10) 1485.8
8 (0, 1, 2, 3) (4, 6, 8, 11) 1485.8
8 (0, 1, 2, 3) (4, 6, 9, 10) 1485.8
8 (0, 1, 2, 3) (4, 6, 9, 11) 1485.8
8 (0, 1, 2, 3) (4, 6, 10, 11) 1485.8
8 (0, 1, 2, 3) (4, 7, 8, 9) 1485.8
8 (0, 1, 2, 3) (4, 7, 8, 10) 1485.8
8 (0, 1, 2, 3) (4, 7, 8, 11) 1485.8
8 (0, 1, 2, 3) (4, 7, 9, 10) 1485.8
8 (0, 1, 2, 3) (4, 7, 9, 11) 1485.8
8 (0, 1, 2, 3) (4, 7, 10, 11) 1485.8
8 (0, 1, 2, 3) (4, 8, 9, 10) 1485.8
8 (0, 1, 2, 3) (4, 8, 9, 11) 1485.8
8 (0, 1, 2, 3) (4, 8, 10, 11) 1485.8
8 (0, 1, 2, 3) (4, 9, 10, 11) 1485.8
8 (0, 1, 2, 3) (5, 6, 7, 8) 1485.8
8 (0, 1, 2, 3) (5, 6, 7, 9) 1485.8
8 (0, 1, 2, 3) (5, 6, 7, 10) 1485.8
8 (0, 1, 2, 3) (5, 6, 7, 11) 1485.8
8 (0, 1, 2, 3) (5, 6, 8, 9) 1485.8
8 (0, 1, 2, 3) (5, 6, 8, 10) 1485.8
8 (0, 1, 2, 3) (5, 6, 8, 11) 1485.8
8 (0, 1, 2, 3) (5, 6, 9, 10) 1485.8
8 (0, 1, 2, 3) (5, 6, 9, 11) 1485.8
8 (0, 1, 2, 3) (5, 6, 10, 11) 1485.8
8 (0, 1, 2, 3) (5, 7, 8, 9) 1485.8
8 (0, 1, 2, 3) (5, 7, 8, 10) 1485.8
8 (0, 1, 2, 3) (5, 7, 8, 11) 1485.8
8 (0, 1, 2, 3) (5, 7, 9, 10) 1485.8
8 (0, 1, 2, 3) (5, 7, 9, 11) 1485.8
8 (0, 1, 2, 3) (5, 7, 10, 11) 1485.8
8 (0, 1, 2, 3) (5, 8, 9, 10) 1485.8
8 (0, 1, 2, 3) (5, 8, 9, 11) 1485.8
8 (0, 1, 2, 3) (5, 8, 10, 11) 1485.8
8 (0, 1, 2, 3) (5, 9, 10, 11) 1485.8
8 (0, 1, 2, 3) (6, 7, 8, 9) 1485.8
8 (0, 1, 2, 3) (6, 7, 8, 10) 1485.8
8 (0, 1, 2, 3) (6, 7, 8, 11) 1485.8
8 (0, 1, 2, 3) (6, 7, 9, 10) 1485.8
8 (0, 1, 2, 3) (6, 7, 9, 11) 1485.8
8 (0, 1, 2, 3) (6, 7, 10, 11) 1485.8
8 (0, 1, 2, 3) (6, 8, 9, 10) 1485.8
8 (0, 1, 2, 3) (6, 8, 9, 11) 1485.8
8 (0, 1, 2, 3) (6, 8, 10, 11) 1485.8
8 (0, 1, 2, 3) (6, 9, 10, 11) 1485.8
8 (0, 1, 2, 3) (7, 8, 9, 10) 1485.8
8 (0, 1, 2, 3) (7, 8, 9, 11) 1485.8
8 (0, 1, 2, 3) (7, 8, 10, 11) 1485.8
8 (0, 1, 2, 3) (7, 9, 10, 11) 1485.8
8 (0, 1, 2, 3) (8, 9, 10, 11) 1485.8
(debug): beta=-0.4736842105263158, S_thermal=4.15620806129534
6 (0, 1, 2, 3) (0, 1, 4, 5) 145.66666666666666
6 (0, 1, 2, 3) (0, 1, 4, 6) 145.66666666666666
6 (0, 1, 2, 3) (0, 1, 4, 7) 145.66666666666666
6 (0, 1, 2, 3) (0, 1, 4, 8) 145.66666666666666
6 (0, 1, 2, 3) (0, 1, 4, 9) 145.66666666666666
6 (0, 1, 2, 3) (0, 1, 4, 10) 145.66666666666666
6 (0, 1, 2, 3) (0, 1, 4, 11) 145.66666666666666
6 (0, 1, 2, 3) (0, 1, 5, 6) 145.66666666666666
6 (0, 1, 2, 3) (0, 1, 5, 7) 145.66666666666666
6 (0, 1, 2, 3) (0, 1, 5, 8) 145.66666666666666
6 (0, 1, 2, 3) (0, 1, 5, 9) 145.66666666666666
6 (0, 1, 2, 3) (0, 1, 5, 10) 145.66666666666666
6 (0, 1, 2, 3) (0, 1, 5, 11) 145.66666666666666
6 (0, 1, 2, 3) (0, 1, 6, 7) 145.66666666666666
6 (0, 1, 2, 3) (0, 1, 6, 8) 145.66666666666666
6 (0, 1, 2, 3) (0, 1, 6, 9) 145.66666666666666
6 (0, 1, 2, 3) (0, 1, 6, 10) 145.66666666666666
6 (0, 1, 2, 3) (0, 1, 6, 11) 145.66666666666666
6 (0, 1, 2, 3) (0, 1, 7, 8) 145.66666666666666
6 (0, 1, 2, 3) (0, 1, 7, 9) 145.66666666666666
6 (0, 1, 2, 3) (0, 1, 7, 10) 145.66666666666666
6 (0, 1, 2, 3) (0, 1, 7, 11) 145.66666666666666
6 (0, 1, 2, 3) (0, 1, 8, 9) 145.66666666666666
6 (0, 1, 2, 3) (0, 1, 8, 10) 145.66666666666666
6 (0, 1, 2, 3) (0, 1, 8, 11) 145.66666666666666
6 (0, 1, 2, 3) (0, 1, 9, 10) 145.66666666666666
6 (0, 1, 2, 3) (0, 1, 9, 11) 145.66666666666666
6 (0, 1, 2, 3) (0, 1, 10, 11) 145.66666666666666
6 (0, 1, 2, 3) (0, 2, 4, 5) 145.66666666666666
6 (0, 1, 2, 3) (0, 2, 4, 6) 145.66666666666666
6 (0, 1, 2, 3) (0, 2, 4, 7) 145.66666666666666
6 (0, 1, 2, 3) (0, 2, 4, 8) 145.66666666666666
6 (0, 1, 2, 3) (0, 2, 4, 9) 145.66666666666666
6 (0, 1, 2, 3) (0, 2, 4, 10) 145.66666666666666
6 (0, 1, 2, 3) (0, 2, 4, 11) 145.66666666666666
6 (0, 1, 2, 3) (0, 2, 5, 6) 145.66666666666666
6 (0, 1, 2, 3) (0, 2, 5, 7) 145.66666666666666
6 (0, 1, 2, 3) (0, 2, 5, 8) 145.66666666666666
6 (0, 1, 2, 3) (0, 2, 5, 9) 145.66666666666666
6 (0, 1, 2, 3) (0, 2, 5, 10) 145.66666666666666
6 (0, 1, 2, 3) (0, 2, 5, 11) 145.66666666666666
6 (0, 1, 2, 3) (0, 2, 6, 7) 145.66666666666666
6 (0, 1, 2, 3) (0, 2, 6, 8) 145.66666666666666
6 (0, 1, 2, 3) (0, 2, 6, 9) 145.66666666666666
6 (0, 1, 2, 3) (0, 2, 6, 10) 145.66666666666666
6 (0, 1, 2, 3) (0, 2, 6, 11) 145.66666666666666
6 (0, 1, 2, 3) (0, 2, 7, 8) 145.66666666666666
6 (0, 1, 2, 3) (0, 2, 7, 9) 145.66666666666666
6 (0, 1, 2, 3) (0, 2, 7, 10) 145.66666666666666
6 (0, 1, 2, 3) (0, 2, 7, 11) 145.66666666666666
6 (0, 1, 2, 3) (0, 2, 8, 9) 145.66666666666666
6 (0, 1, 2, 3) (0, 2, 8, 10) 145.66666666666666
6 (0, 1, 2, 3) (0, 2, 8, 11) 145.66666666666666
6 (0, 1, 2, 3) (0, 2, 9, 10) 145.66666666666666
6 (0, 1, 2, 3) (0, 2, 9, 11) 145.66666666666666
6 (0, 1, 2, 3) (0, 2, 10, 11) 145.66666666666666
6 (0, 1, 2, 3) (0, 3, 4, 5) 145.66666666666666
6 (0, 1, 2, 3) (0, 3, 4, 6) 145.66666666666666
6 (0, 1, 2, 3) (0, 3, 4, 7) 145.66666666666666
6 (0, 1, 2, 3) (0, 3, 4, 8) 145.66666666666666
6 (0, 1, 2, 3) (0, 3, 4, 9) 145.66666666666666
6 (0, 1, 2, 3) (0, 3, 4, 10) 145.66666666666666
6 (0, 1, 2, 3) (0, 3, 4, 11) 145.66666666666666
6 (0, 1, 2, 3) (0, 3, 5, 6) 145.66666666666666
6 (0, 1, 2, 3) (0, 3, 5, 7) 145.66666666666666
6 (0, 1, 2, 3) (0, 3, 5, 8) 145.66666666666666
6 (0, 1, 2, 3) (0, 3, 5, 9) 145.66666666666666
6 (0, 1, 2, 3) (0, 3, 5, 10) 145.66666666666666
6 (0, 1, 2, 3) (0, 3, 5, 11) 145.66666666666666
6 (0, 1, 2, 3) (0, 3, 6, 7) 145.66666666666666
6 (0, 1, 2, 3) (0, 3, 6, 8) 145.66666666666666
6 (0, 1, 2, 3) (0, 3, 6, 9) 145.66666666666666
6 (0, 1, 2, 3) (0, 3, 6, 10) 145.66666666666666
6 (0, 1, 2, 3) (0, 3, 6, 11) 145.66666666666666
6 (0, 1, 2, 3) (0, 3, 7, 8) 145.66666666666666
6 (0, 1, 2, 3) (0, 3, 7, 9) 145.66666666666666
6 (0, 1, 2, 3) (0, 3, 7, 10) 145.66666666666666
6 (0, 1, 2, 3) (0, 3, 7, 11) 145.66666666666666
6 (0, 1, 2, 3) (0, 3, 8, 9) 145.66666666666666
6 (0, 1, 2, 3) (0, 3, 8, 10) 145.66666666666666
6 (0, 1, 2, 3) (0, 3, 8, 11) 145.66666666666666
6 (0, 1, 2, 3) (0, 3, 9, 10) 145.66666666666666
6 (0, 1, 2, 3) (0, 3, 9, 11) 145.66666666666666
6 (0, 1, 2, 3) (0, 3, 10, 11) 145.66666666666666
6 (0, 1, 2, 3) (1, 2, 4, 5) 145.66666666666666
6 (0, 1, 2, 3) (1, 2, 4, 6) 145.66666666666666
6 (0, 1, 2, 3) (1, 2, 4, 7) 145.66666666666666
6 (0, 1, 2, 3) (1, 2, 4, 8) 145.66666666666666
6 (0, 1, 2, 3) (1, 2, 4, 9) 145.66666666666666
6 (0, 1, 2, 3) (1, 2, 4, 10) 145.66666666666666
6 (0, 1, 2, 3) (1, 2, 4, 11) 145.66666666666666
6 (0, 1, 2, 3) (1, 2, 5, 6) 145.66666666666666
6 (0, 1, 2, 3) (1, 2, 5, 7) 145.66666666666666
6 (0, 1, 2, 3) (1, 2, 5, 8) 145.66666666666666
6 (0, 1, 2, 3) (1, 2, 5, 9) 145.66666666666666
6 (0, 1, 2, 3) (1, 2, 5, 10) 145.66666666666666
6 (0, 1, 2, 3) (1, 2, 5, 11) 145.66666666666666
6 (0, 1, 2, 3) (1, 2, 6, 7) 145.66666666666666
6 (0, 1, 2, 3) (1, 2, 6, 8) 145.66666666666666
6 (0, 1, 2, 3) (1, 2, 6, 9) 145.66666666666666
6 (0, 1, 2, 3) (1, 2, 6, 10) 145.66666666666666
6 (0, 1, 2, 3) (1, 2, 6, 11) 145.66666666666666
6 (0, 1, 2, 3) (1, 2, 7, 8) 145.66666666666666
6 (0, 1, 2, 3) (1, 2, 7, 9) 145.66666666666666
6 (0, 1, 2, 3) (1, 2, 7, 10) 145.66666666666666
6 (0, 1, 2, 3) (1, 2, 7, 11) 145.66666666666666
6 (0, 1, 2, 3) (1, 2, 8, 9) 145.66666666666666
6 (0, 1, 2, 3) (1, 2, 8, 10) 145.66666666666666
6 (0, 1, 2, 3) (1, 2, 8, 11) 145.66666666666666
6 (0, 1, 2, 3) (1, 2, 9, 10) 145.66666666666666
6 (0, 1, 2, 3) (1, 2, 9, 11) 145.66666666666666
6 (0, 1, 2, 3) (1, 2, 10, 11) 145.66666666666666
6 (0, 1, 2, 3) (1, 3, 4, 5) 145.66666666666666
6 (0, 1, 2, 3) (1, 3, 4, 6) 145.66666666666666
6 (0, 1, 2, 3) (1, 3, 4, 7) 145.66666666666666
6 (0, 1, 2, 3) (1, 3, 4, 8) 145.66666666666666
6 (0, 1, 2, 3) (1, 3, 4, 9) 145.66666666666666
6 (0, 1, 2, 3) (1, 3, 4, 10) 145.66666666666666
6 (0, 1, 2, 3) (1, 3, 4, 11) 145.66666666666666
6 (0, 1, 2, 3) (1, 3, 5, 6) 145.66666666666666
6 (0, 1, 2, 3) (1, 3, 5, 7) 145.66666666666666
6 (0, 1, 2, 3) (1, 3, 5, 8) 145.66666666666666
6 (0, 1, 2, 3) (1, 3, 5, 9) 145.66666666666666
6 (0, 1, 2, 3) (1, 3, 5, 10) 145.66666666666666
6 (0, 1, 2, 3) (1, 3, 5, 11) 145.66666666666666
6 (0, 1, 2, 3) (1, 3, 6, 7) 145.66666666666666
6 (0, 1, 2, 3) (1, 3, 6, 8) 145.66666666666666
6 (0, 1, 2, 3) (1, 3, 6, 9) 145.66666666666666
6 (0, 1, 2, 3) (1, 3, 6, 10) 145.66666666666666
6 (0, 1, 2, 3) (1, 3, 6, 11) 145.66666666666666
6 (0, 1, 2, 3) (1, 3, 7, 8) 145.66666666666666
6 (0, 1, 2, 3) (1, 3, 7, 9) 145.66666666666666
6 (0, 1, 2, 3) (1, 3, 7, 10) 145.66666666666666
6 (0, 1, 2, 3) (1, 3, 7, 11) 145.66666666666666
6 (0, 1, 2, 3) (1, 3, 8, 9) 145.66666666666666
6 (0, 1, 2, 3) (1, 3, 8, 10) 145.66666666666666
6 (0, 1, 2, 3) (1, 3, 8, 11) 145.66666666666666
6 (0, 1, 2, 3) (1, 3, 9, 10) 145.66666666666666
6 (0, 1, 2, 3) (1, 3, 9, 11) 145.66666666666666
6 (0, 1, 2, 3) (1, 3, 10, 11) 145.66666666666666
6 (0, 1, 2, 3) (2, 3, 4, 5) 145.66666666666666
6 (0, 1, 2, 3) (2, 3, 4, 6) 145.66666666666666
6 (0, 1, 2, 3) (2, 3, 4, 7) 145.66666666666666
6 (0, 1, 2, 3) (2, 3, 4, 8) 145.66666666666666
6 (0, 1, 2, 3) (2, 3, 4, 9) 145.66666666666666
6 (0, 1, 2, 3) (2, 3, 4, 10) 145.66666666666666
6 (0, 1, 2, 3) (2, 3, 4, 11) 145.66666666666666
6 (0, 1, 2, 3) (2, 3, 5, 6) 145.66666666666666
6 (0, 1, 2, 3) (2, 3, 5, 7) 145.66666666666666
6 (0, 1, 2, 3) (2, 3, 5, 8) 145.66666666666666
6 (0, 1, 2, 3) (2, 3, 5, 9) 145.66666666666666
6 (0, 1, 2, 3) (2, 3, 5, 10) 145.66666666666666
6 (0, 1, 2, 3) (2, 3, 5, 11) 145.66666666666666
6 (0, 1, 2, 3) (2, 3, 6, 7) 145.66666666666666
6 (0, 1, 2, 3) (2, 3, 6, 8) 145.66666666666666
6 (0, 1, 2, 3) (2, 3, 6, 9) 145.66666666666666
6 (0, 1, 2, 3) (2, 3, 6, 10) 145.66666666666666
6 (0, 1, 2, 3) (2, 3, 6, 11) 145.66666666666666
6 (0, 1, 2, 3) (2, 3, 7, 8) 145.66666666666666
6 (0, 1, 2, 3) (2, 3, 7, 9) 145.66666666666666
6 (0, 1, 2, 3) (2, 3, 7, 10) 145.66666666666666
6 (0, 1, 2, 3) (2, 3, 7, 11) 145.66666666666666
6 (0, 1, 2, 3) (2, 3, 8, 9) 145.66666666666666
6 (0, 1, 2, 3) (2, 3, 8, 10) 145.66666666666666
6 (0, 1, 2, 3) (2, 3, 8, 11) 145.66666666666666
6 (0, 1, 2, 3) (2, 3, 9, 10) 145.66666666666666
6 (0, 1, 2, 3) (2, 3, 9, 11) 145.66666666666666
6 (0, 1, 2, 3) (2, 3, 10, 11) 145.66666666666666
8 (0, 1, 2, 3) (4, 5, 6, 7) 1485.8
8 (0, 1, 2, 3) (4, 5, 6, 8) 1485.8
8 (0, 1, 2, 3) (4, 5, 6, 9) 1485.8
8 (0, 1, 2, 3) (4, 5, 6, 10) 1485.8
8 (0, 1, 2, 3) (4, 5, 6, 11) 1485.8
8 (0, 1, 2, 3) (4, 5, 7, 8) 1485.8
8 (0, 1, 2, 3) (4, 5, 7, 9) 1485.8
8 (0, 1, 2, 3) (4, 5, 7, 10) 1485.8
8 (0, 1, 2, 3) (4, 5, 7, 11) 1485.8
8 (0, 1, 2, 3) (4, 5, 8, 9) 1485.8
8 (0, 1, 2, 3) (4, 5, 8, 10) 1485.8
8 (0, 1, 2, 3) (4, 5, 8, 11) 1485.8
8 (0, 1, 2, 3) (4, 5, 9, 10) 1485.8
8 (0, 1, 2, 3) (4, 5, 9, 11) 1485.8
8 (0, 1, 2, 3) (4, 5, 10, 11) 1485.8
8 (0, 1, 2, 3) (4, 6, 7, 8) 1485.8
8 (0, 1, 2, 3) (4, 6, 7, 9) 1485.8
8 (0, 1, 2, 3) (4, 6, 7, 10) 1485.8
8 (0, 1, 2, 3) (4, 6, 7, 11) 1485.8
8 (0, 1, 2, 3) (4, 6, 8, 9) 1485.8
8 (0, 1, 2, 3) (4, 6, 8, 10) 1485.8
8 (0, 1, 2, 3) (4, 6, 8, 11) 1485.8
8 (0, 1, 2, 3) (4, 6, 9, 10) 1485.8
8 (0, 1, 2, 3) (4, 6, 9, 11) 1485.8
8 (0, 1, 2, 3) (4, 6, 10, 11) 1485.8
8 (0, 1, 2, 3) (4, 7, 8, 9) 1485.8
8 (0, 1, 2, 3) (4, 7, 8, 10) 1485.8
8 (0, 1, 2, 3) (4, 7, 8, 11) 1485.8
8 (0, 1, 2, 3) (4, 7, 9, 10) 1485.8
8 (0, 1, 2, 3) (4, 7, 9, 11) 1485.8
8 (0, 1, 2, 3) (4, 7, 10, 11) 1485.8
8 (0, 1, 2, 3) (4, 8, 9, 10) 1485.8
8 (0, 1, 2, 3) (4, 8, 9, 11) 1485.8
8 (0, 1, 2, 3) (4, 8, 10, 11) 1485.8
8 (0, 1, 2, 3) (4, 9, 10, 11) 1485.8
8 (0, 1, 2, 3) (5, 6, 7, 8) 1485.8
8 (0, 1, 2, 3) (5, 6, 7, 9) 1485.8
8 (0, 1, 2, 3) (5, 6, 7, 10) 1485.8
8 (0, 1, 2, 3) (5, 6, 7, 11) 1485.8
8 (0, 1, 2, 3) (5, 6, 8, 9) 1485.8
8 (0, 1, 2, 3) (5, 6, 8, 10) 1485.8
8 (0, 1, 2, 3) (5, 6, 8, 11) 1485.8
8 (0, 1, 2, 3) (5, 6, 9, 10) 1485.8
8 (0, 1, 2, 3) (5, 6, 9, 11) 1485.8
8 (0, 1, 2, 3) (5, 6, 10, 11) 1485.8
8 (0, 1, 2, 3) (5, 7, 8, 9) 1485.8
8 (0, 1, 2, 3) (5, 7, 8, 10) 1485.8
8 (0, 1, 2, 3) (5, 7, 8, 11) 1485.8
8 (0, 1, 2, 3) (5, 7, 9, 10) 1485.8
8 (0, 1, 2, 3) (5, 7, 9, 11) 1485.8
8 (0, 1, 2, 3) (5, 7, 10, 11) 1485.8
8 (0, 1, 2, 3) (5, 8, 9, 10) 1485.8
8 (0, 1, 2, 3) (5, 8, 9, 11) 1485.8
8 (0, 1, 2, 3) (5, 8, 10, 11) 1485.8
8 (0, 1, 2, 3) (5, 9, 10, 11) 1485.8
8 (0, 1, 2, 3) (6, 7, 8, 9) 1485.8
8 (0, 1, 2, 3) (6, 7, 8, 10) 1485.8
8 (0, 1, 2, 3) (6, 7, 8, 11) 1485.8
8 (0, 1, 2, 3) (6, 7, 9, 10) 1485.8
8 (0, 1, 2, 3) (6, 7, 9, 11) 1485.8
8 (0, 1, 2, 3) (6, 7, 10, 11) 1485.8
8 (0, 1, 2, 3) (6, 8, 9, 10) 1485.8
8 (0, 1, 2, 3) (6, 8, 9, 11) 1485.8
8 (0, 1, 2, 3) (6, 8, 10, 11) 1485.8
8 (0, 1, 2, 3) (6, 9, 10, 11) 1485.8
8 (0, 1, 2, 3) (7, 8, 9, 10) 1485.8
8 (0, 1, 2, 3) (7, 8, 9, 11) 1485.8
8 (0, 1, 2, 3) (7, 8, 10, 11) 1485.8
8 (0, 1, 2, 3) (7, 9, 10, 11) 1485.8
8 (0, 1, 2, 3) (8, 9, 10, 11) 1485.8
(debug): beta=-0.368421052631579, S_thermal=4.157263950955171
6 (0, 1, 2, 3) (0, 1, 4, 5) 145.66666666666666
6 (0, 1, 2, 3) (0, 1, 4, 6) 145.66666666666666
6 (0, 1, 2, 3) (0, 1, 4, 7) 145.66666666666666
6 (0, 1, 2, 3) (0, 1, 4, 8) 145.66666666666666
6 (0, 1, 2, 3) (0, 1, 4, 9) 145.66666666666666
6 (0, 1, 2, 3) (0, 1, 4, 10) 145.66666666666666
6 (0, 1, 2, 3) (0, 1, 4, 11) 145.66666666666666
6 (0, 1, 2, 3) (0, 1, 5, 6) 145.66666666666666
6 (0, 1, 2, 3) (0, 1, 5, 7) 145.66666666666666
6 (0, 1, 2, 3) (0, 1, 5, 8) 145.66666666666666
6 (0, 1, 2, 3) (0, 1, 5, 9) 145.66666666666666
6 (0, 1, 2, 3) (0, 1, 5, 10) 145.66666666666666
6 (0, 1, 2, 3) (0, 1, 5, 11) 145.66666666666666
6 (0, 1, 2, 3) (0, 1, 6, 7) 145.66666666666666
6 (0, 1, 2, 3) (0, 1, 6, 8) 145.66666666666666
6 (0, 1, 2, 3) (0, 1, 6, 9) 145.66666666666666
6 (0, 1, 2, 3) (0, 1, 6, 10) 145.66666666666666
6 (0, 1, 2, 3) (0, 1, 6, 11) 145.66666666666666
6 (0, 1, 2, 3) (0, 1, 7, 8) 145.66666666666666
6 (0, 1, 2, 3) (0, 1, 7, 9) 145.66666666666666
6 (0, 1, 2, 3) (0, 1, 7, 10) 145.66666666666666
6 (0, 1, 2, 3) (0, 1, 7, 11) 145.66666666666666
6 (0, 1, 2, 3) (0, 1, 8, 9) 145.66666666666666
6 (0, 1, 2, 3) (0, 1, 8, 10) 145.66666666666666
6 (0, 1, 2, 3) (0, 1, 8, 11) 145.66666666666666
6 (0, 1, 2, 3) (0, 1, 9, 10) 145.66666666666666
6 (0, 1, 2, 3) (0, 1, 9, 11) 145.66666666666666
6 (0, 1, 2, 3) (0, 1, 10, 11) 145.66666666666666
6 (0, 1, 2, 3) (0, 2, 4, 5) 145.66666666666666
6 (0, 1, 2, 3) (0, 2, 4, 6) 145.66666666666666
6 (0, 1, 2, 3) (0, 2, 4, 7) 145.66666666666666
6 (0, 1, 2, 3) (0, 2, 4, 8) 145.66666666666666
6 (0, 1, 2, 3) (0, 2, 4, 9) 145.66666666666666
6 (0, 1, 2, 3) (0, 2, 4, 10) 145.66666666666666
6 (0, 1, 2, 3) (0, 2, 4, 11) 145.66666666666666
6 (0, 1, 2, 3) (0, 2, 5, 6) 145.66666666666666
6 (0, 1, 2, 3) (0, 2, 5, 7) 145.66666666666666
6 (0, 1, 2, 3) (0, 2, 5, 8) 145.66666666666666
6 (0, 1, 2, 3) (0, 2, 5, 9) 145.66666666666666
6 (0, 1, 2, 3) (0, 2, 5, 10) 145.66666666666666
6 (0, 1, 2, 3) (0, 2, 5, 11) 145.66666666666666
6 (0, 1, 2, 3) (0, 2, 6, 7) 145.66666666666666
6 (0, 1, 2, 3) (0, 2, 6, 8) 145.66666666666666
6 (0, 1, 2, 3) (0, 2, 6, 9) 145.66666666666666
6 (0, 1, 2, 3) (0, 2, 6, 10) 145.66666666666666
6 (0, 1, 2, 3) (0, 2, 6, 11) 145.66666666666666
6 (0, 1, 2, 3) (0, 2, 7, 8) 145.66666666666666
6 (0, 1, 2, 3) (0, 2, 7, 9) 145.66666666666666
6 (0, 1, 2, 3) (0, 2, 7, 10) 145.66666666666666
6 (0, 1, 2, 3) (0, 2, 7, 11) 145.66666666666666
6 (0, 1, 2, 3) (0, 2, 8, 9) 145.66666666666666
6 (0, 1, 2, 3) (0, 2, 8, 10) 145.66666666666666
6 (0, 1, 2, 3) (0, 2, 8, 11) 145.66666666666666
6 (0, 1, 2, 3) (0, 2, 9, 10) 145.66666666666666
6 (0, 1, 2, 3) (0, 2, 9, 11) 145.66666666666666
6 (0, 1, 2, 3) (0, 2, 10, 11) 145.66666666666666
6 (0, 1, 2, 3) (0, 3, 4, 5) 145.66666666666666
6 (0, 1, 2, 3) (0, 3, 4, 6) 145.66666666666666
6 (0, 1, 2, 3) (0, 3, 4, 7) 145.66666666666666
6 (0, 1, 2, 3) (0, 3, 4, 8) 145.66666666666666
6 (0, 1, 2, 3) (0, 3, 4, 9) 145.66666666666666
6 (0, 1, 2, 3) (0, 3, 4, 10) 145.66666666666666
6 (0, 1, 2, 3) (0, 3, 4, 11) 145.66666666666666
6 (0, 1, 2, 3) (0, 3, 5, 6) 145.66666666666666
6 (0, 1, 2, 3) (0, 3, 5, 7) 145.66666666666666
6 (0, 1, 2, 3) (0, 3, 5, 8) 145.66666666666666
6 (0, 1, 2, 3) (0, 3, 5, 9) 145.66666666666666
6 (0, 1, 2, 3) (0, 3, 5, 10) 145.66666666666666
6 (0, 1, 2, 3) (0, 3, 5, 11) 145.66666666666666
6 (0, 1, 2, 3) (0, 3, 6, 7) 145.66666666666666
6 (0, 1, 2, 3) (0, 3, 6, 8) 145.66666666666666
6 (0, 1, 2, 3) (0, 3, 6, 9) 145.66666666666666
6 (0, 1, 2, 3) (0, 3, 6, 10) 145.66666666666666
6 (0, 1, 2, 3) (0, 3, 6, 11) 145.66666666666666
6 (0, 1, 2, 3) (0, 3, 7, 8) 145.66666666666666
6 (0, 1, 2, 3) (0, 3, 7, 9) 145.66666666666666
6 (0, 1, 2, 3) (0, 3, 7, 10) 145.66666666666666
6 (0, 1, 2, 3) (0, 3, 7, 11) 145.66666666666666
6 (0, 1, 2, 3) (0, 3, 8, 9) 145.66666666666666
6 (0, 1, 2, 3) (0, 3, 8, 10) 145.66666666666666
6 (0, 1, 2, 3) (0, 3, 8, 11) 145.66666666666666
6 (0, 1, 2, 3) (0, 3, 9, 10) 145.66666666666666
6 (0, 1, 2, 3) (0, 3, 9, 11) 145.66666666666666
6 (0, 1, 2, 3) (0, 3, 10, 11) 145.66666666666666
6 (0, 1, 2, 3) (1, 2, 4, 5) 145.66666666666666
6 (0, 1, 2, 3) (1, 2, 4, 6) 145.66666666666666
6 (0, 1, 2, 3) (1, 2, 4, 7) 145.66666666666666
6 (0, 1, 2, 3) (1, 2, 4, 8) 145.66666666666666
6 (0, 1, 2, 3) (1, 2, 4, 9) 145.66666666666666
6 (0, 1, 2, 3) (1, 2, 4, 10) 145.66666666666666
6 (0, 1, 2, 3) (1, 2, 4, 11) 145.66666666666666
6 (0, 1, 2, 3) (1, 2, 5, 6) 145.66666666666666
6 (0, 1, 2, 3) (1, 2, 5, 7) 145.66666666666666
6 (0, 1, 2, 3) (1, 2, 5, 8) 145.66666666666666
6 (0, 1, 2, 3) (1, 2, 5, 9) 145.66666666666666
6 (0, 1, 2, 3) (1, 2, 5, 10) 145.66666666666666
6 (0, 1, 2, 3) (1, 2, 5, 11) 145.66666666666666
6 (0, 1, 2, 3) (1, 2, 6, 7) 145.66666666666666
6 (0, 1, 2, 3) (1, 2, 6, 8) 145.66666666666666
6 (0, 1, 2, 3) (1, 2, 6, 9) 145.66666666666666
6 (0, 1, 2, 3) (1, 2, 6, 10) 145.66666666666666
6 (0, 1, 2, 3) (1, 2, 6, 11) 145.66666666666666
6 (0, 1, 2, 3) (1, 2, 7, 8) 145.66666666666666
6 (0, 1, 2, 3) (1, 2, 7, 9) 145.66666666666666
6 (0, 1, 2, 3) (1, 2, 7, 10) 145.66666666666666
6 (0, 1, 2, 3) (1, 2, 7, 11) 145.66666666666666
6 (0, 1, 2, 3) (1, 2, 8, 9) 145.66666666666666
6 (0, 1, 2, 3) (1, 2, 8, 10) 145.66666666666666
6 (0, 1, 2, 3) (1, 2, 8, 11) 145.66666666666666
6 (0, 1, 2, 3) (1, 2, 9, 10) 145.66666666666666
6 (0, 1, 2, 3) (1, 2, 9, 11) 145.66666666666666
6 (0, 1, 2, 3) (1, 2, 10, 11) 145.66666666666666
6 (0, 1, 2, 3) (1, 3, 4, 5) 145.66666666666666
6 (0, 1, 2, 3) (1, 3, 4, 6) 145.66666666666666
6 (0, 1, 2, 3) (1, 3, 4, 7) 145.66666666666666
6 (0, 1, 2, 3) (1, 3, 4, 8) 145.66666666666666
6 (0, 1, 2, 3) (1, 3, 4, 9) 145.66666666666666
6 (0, 1, 2, 3) (1, 3, 4, 10) 145.66666666666666
6 (0, 1, 2, 3) (1, 3, 4, 11) 145.66666666666666
6 (0, 1, 2, 3) (1, 3, 5, 6) 145.66666666666666
6 (0, 1, 2, 3) (1, 3, 5, 7) 145.66666666666666
6 (0, 1, 2, 3) (1, 3, 5, 8) 145.66666666666666
6 (0, 1, 2, 3) (1, 3, 5, 9) 145.66666666666666
6 (0, 1, 2, 3) (1, 3, 5, 10) 145.66666666666666
6 (0, 1, 2, 3) (1, 3, 5, 11) 145.66666666666666
6 (0, 1, 2, 3) (1, 3, 6, 7) 145.66666666666666
6 (0, 1, 2, 3) (1, 3, 6, 8) 145.66666666666666
6 (0, 1, 2, 3) (1, 3, 6, 9) 145.66666666666666
6 (0, 1, 2, 3) (1, 3, 6, 10) 145.66666666666666
6 (0, 1, 2, 3) (1, 3, 6, 11) 145.66666666666666
6 (0, 1, 2, 3) (1, 3, 7, 8) 145.66666666666666
6 (0, 1, 2, 3) (1, 3, 7, 9) 145.66666666666666
6 (0, 1, 2, 3) (1, 3, 7, 10) 145.66666666666666
6 (0, 1, 2, 3) (1, 3, 7, 11) 145.66666666666666
6 (0, 1, 2, 3) (1, 3, 8, 9) 145.66666666666666
6 (0, 1, 2, 3) (1, 3, 8, 10) 145.66666666666666
6 (0, 1, 2, 3) (1, 3, 8, 11) 145.66666666666666
6 (0, 1, 2, 3) (1, 3, 9, 10) 145.66666666666666
6 (0, 1, 2, 3) (1, 3, 9, 11) 145.66666666666666
6 (0, 1, 2, 3) (1, 3, 10, 11) 145.66666666666666
6 (0, 1, 2, 3) (2, 3, 4, 5) 145.66666666666666
6 (0, 1, 2, 3) (2, 3, 4, 6) 145.66666666666666
6 (0, 1, 2, 3) (2, 3, 4, 7) 145.66666666666666
6 (0, 1, 2, 3) (2, 3, 4, 8) 145.66666666666666
6 (0, 1, 2, 3) (2, 3, 4, 9) 145.66666666666666
6 (0, 1, 2, 3) (2, 3, 4, 10) 145.66666666666666
6 (0, 1, 2, 3) (2, 3, 4, 11) 145.66666666666666
6 (0, 1, 2, 3) (2, 3, 5, 6) 145.66666666666666
6 (0, 1, 2, 3) (2, 3, 5, 7) 145.66666666666666
6 (0, 1, 2, 3) (2, 3, 5, 8) 145.66666666666666
6 (0, 1, 2, 3) (2, 3, 5, 9) 145.66666666666666
6 (0, 1, 2, 3) (2, 3, 5, 10) 145.66666666666666
6 (0, 1, 2, 3) (2, 3, 5, 11) 145.66666666666666
6 (0, 1, 2, 3) (2, 3, 6, 7) 145.66666666666666
6 (0, 1, 2, 3) (2, 3, 6, 8) 145.66666666666666
6 (0, 1, 2, 3) (2, 3, 6, 9) 145.66666666666666
6 (0, 1, 2, 3) (2, 3, 6, 10) 145.66666666666666
6 (0, 1, 2, 3) (2, 3, 6, 11) 145.66666666666666
6 (0, 1, 2, 3) (2, 3, 7, 8) 145.66666666666666
6 (0, 1, 2, 3) (2, 3, 7, 9) 145.66666666666666
6 (0, 1, 2, 3) (2, 3, 7, 10) 145.66666666666666
6 (0, 1, 2, 3) (2, 3, 7, 11) 145.66666666666666
6 (0, 1, 2, 3) (2, 3, 8, 9) 145.66666666666666
6 (0, 1, 2, 3) (2, 3, 8, 10) 145.66666666666666
6 (0, 1, 2, 3) (2, 3, 8, 11) 145.66666666666666
6 (0, 1, 2, 3) (2, 3, 9, 10) 145.66666666666666
6 (0, 1, 2, 3) (2, 3, 9, 11) 145.66666666666666
6 (0, 1, 2, 3) 